1 -0.9903 0.1138 0.0796 -0.1191 -0.9907 -0.0654 0.0714 -0.0743 0.9947 1.2498 -1.3001 17.4160 17.5091 -7.2600 -23.5800 -24.0600 -0.3326 1.4093 -0.1585 173.44617 3.027207 3.0272 0.0743 -0.0716 0.1229 -0.1585 -0.2596 9.8677638991756E13 0.020000432434349125
0 -0.9734 0.2123 0.0857 -0.2175 -0.9744 -0.0571 0.0714 -0.0743 0.9947 1.2498 -1.3001 17.4160 17.5091 -7.2600 -23.5800 -24.0600 0.3015 1.6915 -0.1163 167.71039 2.9270985 2.9271 0.0743 -0.0716 0.1206 -0.1246 -0.2535 9.8677658991756E13 0.01999999943436137
0 -0.9734 0.2123 0.0857 -0.2175 -0.9744 -0.0571 0.0714 -0.0743 0.9947 1.2498 -1.3001 17.4160 17.5091 -7.2600 -23.5800 -24.0600 1.0241 1.6481 -0.0473 167.71039 2.9270985 2.9271 0.0743 -0.0716 0.1196 -0.0917 -0.2330 9.8677678991756E13 0.01999999943436137
0 -0.9734 0.2123 0.0857 -0.2175 -0.9744 -0.0571 0.0714 -0.0743 0.9947 1.2498 -1.3001 17.4160 17.5091 -7.2600 -23.5800 -24.0600 1.6521 1.4532 -0.0381 167.71039 2.9270985 2.9271 0.0743 -0.0716 0.1189 -0.0626 -0.2000 9.8677698991756E13 0.01999999943436137
0 -0.9734 0.2123 0.0857 -0.2175 -0.9744 -0.0571 0.0714 -0.0743 0.9947 1.2498 -1.3001 17.4160 17.5091 -7.2600 -23.5800 -24.0600 2.0449 1.2113 -0.1047 167.71039 2.9270985 2.9271 0.0743 -0.0716 0.1168 -0.0384 -0.1591 9.8677718991756E13 0.01999999943436137
0 -0.9725 0.2194 0.0784 -0.2233 -0.9737 -0.0451 0.0665 -0.0614 0.9959 0.9960 -0.9194 14.9235 14.9849 -7.2600 -23.5800 -24.0600 2.1567 1.1668 -0.1212 167.30206 2.9199717 2.9200 0.0614 -0.0666 0.1143 -0.0151 -0.1160 9.8677738991322E13 0.019999565434373645
0 -0.9667 0.2522 0.0445 -0.2521 -0.9677 0.0081 0.0451 -0.0034 0.9990 0.3783 -0.0287 8.3776 8.3862 -7.2600 -23.5800 -24.0600 -0.0174 -0.0336 0.1543 165.39221 2.8866386 2.8866 0.0034 -0.0451 0.3380 -0.0638 -0.1412 9.8679188856297E13 1.449864933995018
0 -0.7982 0.5327 -0.2812 -0.5985 -0.7540 0.2707 -0.0678 0.3844 0.9207 -0.6081 3.4454 8.2531 8.9640 -7.2600 -23.5800 -24.0600 -0.1652 -0.1564 0.1775 144.75949 2.5265296 2.5265 -0.3945 0.0736 0.3416 -0.0669 -0.1445 9.8679208854297E13 0.019997999434417935
1 -0.8046 0.5270 -0.2737 -0.5914 -0.7530 0.2886 -0.0540 0.3941 0.9175 -0.4836 3.5316 8.2219 8.9614 -3.0000 -28.0800 -21.1200 -0.1652 -0.1564 0.1775 145.01343 2.5309618 2.5310 -0.4051 0.0588 0.3416 -0.0669 -0.1445 9.8679208854297E13 0.019997999434417935
0 -0.9651 0.2154 -0.1493 -0.2564 -0.8935 0.3687 -0.0540 0.3941 0.9175 -0.4836 3.5316 8.2219 8.9614 -3.0000 -28.0800 -21.1200 -0.3063 -0.3207 0.1182 166.44678 2.905044 2.9050 -0.4051 0.0588 0.3439 -0.0733 -0.1506 9.8679228852297E13 0.019997999434417935
1 -0.9728 0.1964 -0.1229 -0.2286 -0.9004 0.3702 -0.0380 0.3882 0.9208 -0.3496 3.5723 8.4733 9.2022 -3.4800 -28.5600 -20.8800 -0.3063 -0.3207 0.1182 167.69586 2.9268453 2.9268 -0.3987 0.0412 0.3439 -0.0733 -0.1506 9.8679228852297E13 0.019997999434417935
1 -0.9874 0.1524 -0.0438 -0.1581 -0.9250 0.3454 0.0121 0.3480 0.9374 0.1221 3.5196 9.4813 10.1142 -3.7800 -28.3200 -20.7000 -0.3063 -0.3207 0.1182 170.64697 2.978351 2.9784 -0.3554 -0.0129 0.3439 -0.0733 -0.1506 9.8679228852297E13 0.019997999434417935
0 -0.9846 0.1676 -0.0495 -0.1744 -0.9224 0.3446 0.0121 0.3480 0.9374 0.1221 3.5196 9.4813 10.1142 -3.7800 -28.3200 -20.7000 -0.2678 -0.3390 0.0181 169.69946 2.9618146 2.9618 -0.3554 -0.0129 0.3443 -0.0801 -0.1559 9.867924884963E13 0.0199973324344368
1 -0.9858 0.1624 -0.0421 -0.1669 -0.9233 0.3460 0.0173 0.3481 0.9373 0.1700 3.4262 9.2251 9.8423 -3.9600 -28.5600 -20.6400 -0.2678 -0.3390 0.0181 170.02478 2.9674923 2.9675 -0.3556 -0.0184 0.3443 -0.0801 -0.1559 9.867924884963E13 0.0199973324344368
0 -0.9847 0.1687 -0.0445 -0.1736 -0.9222 0.3457 0.0173 0.3481 0.9373 0.1700 3.4262 9.2251 9.8423 -3.9600 -28.5600 -20.6400 -0.1890 -0.3592 -0.0840 169.63318 2.9606571 2.9607 -0.3556 -0.0184 0.3426 -0.0873 -0.1597 9.867926884713E13 0.019997499434432076
1 -0.9803 0.1853 -0.0684 -0.1974 -0.9307 0.3078 -0.0066 0.3153 0.9490 -0.0646 3.1006 9.3329 9.8347 -4.5000 -28.9200 -20.6400 -0.1890 -0.3592 -0.0840 168.73859 2.9450443 2.9450 -0.3207 0.0069 0.3426 -0.0873 -0.1597 9.867926884713E13 0.019997499434432076
0 -0.9758 0.2054 -0.0750 -0.2185 -0.9265 0.3063 -0.0066 0.3153 0.9490 -0.0646 3.1006 9.3329 9.8347 -4.5000 -28.9200 -20.6400 -0.1951 -0.4154 -0.1609 167.50311 2.9234805 2.9235 -0.3207 0.0069 0.3394 -0.0956 -0.1636 9.867928884473E13 0.019997599434429247
1 -0.9803 0.1903 -0.0529 -0.1975 -0.9432 0.2671 0.0009 0.2723 0.9622 0.0096 2.8324 10.0081 10.4012 -4.5000 -28.4400 -20.4600 -0.1951 -0.4154 -0.1609 168.59283 2.9425 2.9425 -0.2758 -0.0010 0.3394 -0.0956 -0.1636 9.867928884473E13 0.019997599434429247
0 -0.9796 0.1938 -0.0539 -0.2011 -0.9425 0.2669 0.0009 0.2723 0.9622 0.0096 2.8324 10.0081 10.4012 -4.5000 -28.4400 -20.4600 -0.2055 -0.3494 -0.1597 168.38214 2.9388223 2.9388 -0.2758 -0.0010 0.3362 -0.1026 -0.1677 9.8679308842396E13 0.01999766543442738
1 -0.9811 0.1880 -0.0455 -0.1931 -0.9408 0.2785 0.0096 0.2821 0.9593 0.0982 2.8947 9.8453 10.2625 -4.6800 -28.3800 -20.8800 -0.2055 -0.3494 -0.1597 168.70178 2.9444015 2.9444 -0.2859 -0.0100 0.3362 -0.1026 -0.1677 9.8679308842396E13 0.01999766543442738
0 -0.9792 0.1969 -0.0481 -0.2025 -0.9390 0.2781 0.0096 0.2821 0.9593 0.0982 2.8947 9.8453 10.2625 -4.6800 -28.3800 -20.8800 -0.1408 -0.1258 -0.1084 168.15753 2.9349022 2.9349 -0.2859 -0.0100 0.3340 -0.1051 -0.1706 9.8679328839824E13 0.019997427434434112
1 -0.9766 0.2063 -0.0615 -0.2152 -0.9297 0.2988 0.0045 0.3051 0.9523 0.0431 2.9521 9.2156 9.6770 -4.4400 -27.8400 -21.0600 -0.1408 -0.1258 -0.1084 167.48901 2.9232347 2.9232 -0.3100 -0.0047 0.3340 -0.1051 -0.1706 9.8679328839824E13 0.019997427434434112
0 -0.9777 0.2012 -0.0599 -0.2099 -0.9308 0.2992 0.0045 0.3051 0.9523 0.0431 2.9521 9.2156 9.6770 -4.4400 -27.8400 -21.0600 -0.0846 0.0128 -0.1090 167.80103 2.928681 2.9287 -0.3100 -0.0047 0.3319 -0.1048 -0.1722 9.8679348837324E13 0.019997499434432076
1 -0.9685 0.2288 -0.0982 -0.2481 -0.9191 0.3061 -0.0203 0.3208 0.9469 -0.1868 2.9569 8.7271 9.2164 -4.4400 -27.2400 -21.1800 -0.0846 0.0128 -0.1090 166.02228 2.8976357 2.8976 -0.3266 0.0214 0.3319 -0.1048 -0.1722 9.8679348837324E13 0.019997499434432076
0 -0.9666 0.2357 -0.1006 -0.2555 -0.9173 0.3053 -0.0203 0.3208 0.9469 -0.1868 2.9569 8.7271 9.2164 -4.4400 -27.2400 -21.1800 -0.1481 0.0776 -0.1279 165.58783 2.8900523 2.8901 -0.3266 0.0214 0.3293 -0.1033 -0.1752 9.8679368834879E13 0.01999755443443052
1 -0.9616 0.2481 -0.1175 -0.2726 -0.9142 0.2999 -0.0330 0.3204 0.9467 -0.2993 2.9019 8.5739 9.0566 -4.6800 -27.4800 -21.4200 -0.1481 0.0776 -0.1279 164.81506 2.8765652 2.8766 -0.3262 0.0349 0.3293 -0.1033 -0.1752 9.8679368834879E13 0.01999755443443052
0 -0.9588 0.2572 -0.1205 -0.2822 -0.9117 0.2987 -0.0330 0.3204 0.9467 -0.2993 2.9019 8.5739 9.0566 -4.6800 -27.4800 -21.4200 -0.2593 0.0421 -0.1182 164.24298 2.8665807 2.8666 -0.3262 0.0349 0.3269 -0.1024 -0.1804 9.8679388832279E13 0.019997399434434904
1 -0.9633 0.2467 -0.1060 -0.2670 -0.9212 0.2830 -0.0278 0.3010 0.9532 -0.2538 2.7462 8.6984 9.1252 -4.3200 -27.3000 -21.7200 -0.2593 0.0421 -0.1182 165.0097 2.879963 2.8800 -0.3057 0.0292 0.3269 -0.1024 -0.1804 9.8679388832279E13 0.019997399434434904
0 -0.9668 0.2343 -0.1022 -0.2541 -0.9244 0.2844 -0.0278 0.3010 0.9532 -0.2538 2.7462 8.6984 9.1252 -4.3200 -27.3000 -21.7200 -0.3375 -0.0684 -0.0986 165.77893 2.893388 2.8934 -0.3057 0.0292 0.3249 -0.1038 -0.1873 9.8679409440257E13 0.02060797741716658
1 -0.9697 0.2264 -0.0916 -0.2427 -0.9348 0.2592 -0.0270 0.2736 0.9615 -0.2514 2.5475 8.9522 9.3110 -4.0800 -26.8200 -22.1400 -0.3375 -0.0684 -0.0986 166.38794 2.9040174 2.9040 -0.2771 0.0281 0.3249 -0.1038 -0.1873 9.8679409440257E13 0.02060797741716658
0 -0.9707 0.2224 -0.0906 -0.2386 -0.9358 0.2596 -0.0270 0.2736 0.9615 -0.2514 2.5475 8.9522 9.3110 -4.0800 -26.8200 -22.1400 -0.3552 -0.2517 -0.0351 166.62921 2.9082286 2.9082 -0.2771 0.0281 0.3242 -0.1089 -0.1945 9.867942943784E13 0.019997582434429728
1 -0.9811 0.1877 -0.0466 -0.1931 -0.9370 0.2911 0.0110 0.2946 0.9556 0.1053 2.8276 9.1725 9.5990 -4.2600 -27.1200 -22.5600 -0.3552 -0.2517 -0.0351 168.6712 2.9438682 2.9439 -0.2990 -0.0115 0.3242 -0.1089 -0.1945 9.867942943784E13 0.019997582434429728
0 -0.9797 0.1944 -0.0487 -0.2001 -0.9356 0.2907 0.0110 0.2946 0.9556 0.1053 2.8276 9.1725 9.5990 -4.2600 -27.1200 -22.5600 -0.3094 -0.4203 0.0779 168.2638 2.936757 2.9368 -0.2990 -0.0115 0.3258 -0.1173 -0.2006 9.8679449435455E13 0.019997614434428823
1 -0.9910 0.1300 0.0309 -0.1137 -0.9419 0.3160 0.0701 0.3097 0.9482 0.6752 2.9809 9.1270 9.6251 -3.7200 -26.9400 -22.9200 -0.3094 -0.4203 0.0779 172.14148 3.0044358 3.0044 -0.3149 -0.0738 0.3258 -0.1173 -0.2006 9.8679449435455E13 0.019997614434428823
0 -0.9938 0.1034 0.0397 -0.0858 -0.9452 0.3150 0.0701 0.3097 0.9482 0.6752 2.9809 9.1270 9.6251 -3.7200 -26.9400 -22.9200 -0.2141 -0.6377 0.0816 173.75568 3.0326085 3.0326 -0.3149 -0.0738 0.3274 -0.1300 -0.2049 9.8679469432955E13 0.019997499434432076
1 -0.9925 0.1209 0.0190 -0.1106 -0.9528 0.2828 0.0523 0.2785 0.9590 0.5052 2.6912 9.2658 9.6620 -4.0800 -26.8800 -22.8000 -0.2141 -0.6377 0.0816 172.76965 3.015399 3.0154 -0.2823 -0.0545 0.3274 -0.1300 -0.2049 9.8679469432955E13 0.019997499434432076
0 -0.9902 0.1387 0.0137 -0.1292 -0.9504 0.2831 0.0523 0.2785 0.9590 0.5052 2.6912 9.2658 9.6620 -4.0800 -26.8800 -22.8000 -0.2184 -0.8913 0.0284 171.69824 2.9967 2.9967 -0.2823 -0.0545 0.3280 -0.1478 -0.2093 9.8679489430488E13 0.019997532434431142
1 -0.9918 0.1238 0.0316 -0.1121 -0.9621 0.2485 0.0611 0.2430 0.9681 0.6345 2.5212 10.0464 10.3773 -4.6200 -27.4800 -22.8600 -0.2184 -0.8913 0.0284 172.67041 3.0136669 3.0137 -0.2454 -0.0631 0.3280 -0.1478 -0.2093 9.8679489430488E13 0.019997532434431142
0 -0.9892 0.1445 0.0262 -0.1335 -0.9592 0.2492 0.0611 0.2430 0.9681 0.6345 2.5212 10.0464 10.3773 -4.6200 -27.4800 -22.8600 -0.2171 -0.8546 0.0455 171.43335 2.9920762 2.9921 -0.2454 -0.0631 0.3289 -0.1649 -0.2136 9.867950942805E13 0.019997561434430322
1 -0.9896 0.1406 0.0310 -0.1302 -0.9658 0.2242 0.0615 0.2178 0.9741 0.6512 2.3081 10.3217 10.5967 -4.8000 -27.1800 -22.7400 -0.2171 -0.8546 0.0455 171.71826 2.9970496 2.9970 -0.2196 -0.0630 0.3289 -0.1649 -0.2136 9.867950942805E13 0.019997561434430322
0 -0.9882 0.1505 0.0287 -0.1404 -0.9643 0.2245 0.0615 0.2178 0.9741 0.6512 2.3081 10.3217 10.5967 -4.8000 -27.1800 -22.7400 -0.2239 -0.5687 0.0626 171.12897 2.9867635 2.9868 -0.2196 -0.0630 0.3301 -0.1763 -0.2181 9.8679529425638E13 0.019997587434429587
1 -0.9867 0.1616 0.0151 -0.1521 -0.9531 0.2617 0.0567 0.2559 0.9650 0.5722 2.5834 9.7423 10.0952 -5.4600 -27.1200 -22.8000 -0.2239 -0.5687 0.0626 170.3753 2.9736104 2.9736 -0.2588 -0.0587 0.3301 -0.1763 -0.2181 9.8679529425638E13 0.019997587434429587
0 -0.9814 0.1919 0.0068 -0.1835 -0.9475 0.2620 0.0567 0.2559 0.9650 0.5722 2.5834 9.7423 10.0952 -5.4600 -27.1200 -22.8000 -0.2629 -0.1918 0.1702 168.55011 2.9417543 2.9418 -0.2588 -0.0587 0.3335 -0.1801 -0.2234 9.8679549423138E13 0.019997499434432076
1 -0.9812 0.1928 0.0056 -0.1836 -0.9424 0.2797 0.0592 0.2734 0.9601 0.5603 2.5858 9.0815 9.4591 -5.6400 -27.0600 -22.9200 -0.2629 -0.1918 0.1702 168.43701 2.9397807 2.9398 -0.2769 -0.0616 0.3335 -0.1801 -0.2234 9.8679549423138E13 0.019997499434432076
0 -0.9795 0.2016 0.0030 -0.1927 -0.9405 0.2797 0.0592 0.2734 0.9601 0.5603 2.5858 9.0815 9.4591 -5.6400 -27.0600 -22.9200 -0.3924 -0.0415 0.2294 167.90326 2.9304645 2.9305 -0.2769 -0.0616 0.3381 -0.1810 -0.2312 9.8679569420664E13 0.01999752543443134
1 -0.9778 0.2094 -0.0066 -0.2042 -0.9456 0.2532 0.0468 0.2489 0.9674 0.4645 2.4709 9.6034 9.9271 -6.0600 -27.0000 -22.9800 -0.3924 -0.0415 0.2294 167.51556 2.923698 2.9237 -0.2515 -0.0483 0.3381 -0.1810 -0.2312 9.8679569420664E13 0.01999752543443134
0 -0.9735 0.2284 -0.0117 -0.2239 -0.9412 0.2530 0.0468 0.2489 0.9674 0.4645 2.4709 9.6034 9.9271 -6.0600 -27.0000 -22.9800 -0.6020 -0.2505 0.2795 166.35718 2.9034803 2.9035 -0.2515 -0.0483 0.3437 -0.1860 -0.2432 9.8679589418214E13 0.01999754943443066
1 -0.9779 0.2088 0.0125 -0.1992 -0.9477 0.2494 0.0639 0.2414 0.9683 0.6824 2.5762 10.3337 10.6718 -6.1800 -26.8800 -22.8600 -0.6020 -0.2505 0.2795 167.573 2.9247007 2.9247 -0.2438 -0.0659 0.3437 -0.1860 -0.2432 9.8679589418214E13 0.01999754943443066
0 -0.9765 0.2153 0.0108 -0.2059 -0.9462 0.2495 0.0639 0.2414 0.9683 0.6824 2.5762 10.3337 10.6718 -6.1800 -26.8800 -22.8600 -0.6344 -0.2260 0.3192 167.18042 2.9178493 2.9178 -0.2438 -0.0659 0.3501 -0.1905 -0.2559 9.867960941569E13 0.019997475434432754
1 -0.9776 0.2099 0.0174 -0.1989 -0.9469 0.2528 0.0695 0.2436 0.9674 0.7662 2.6840 10.6569 11.0164 -6.2400 -26.3400 -23.4000 -0.6344 -0.2260 0.3192 167.49805 2.9233925 2.9234 -0.2461 -0.0718 0.3501 -0.1905 -0.2559 9.867960941569E13 0.019997475434432754
0 -0.9759 0.2175 0.0154 -0.2067 -0.9452 0.2529 0.0695 0.2436 0.9674 0.7662 2.6840 10.6569 11.0164 -6.2400 -26.3400 -23.4000 -0.6063 -0.0776 0.2758 167.03833 2.9153683 2.9154 -0.2461 -0.0718 0.3556 -0.1921 -0.2681 9.8679629413144E13 0.019997453434433377
1 -0.9752 0.2210 0.0113 -0.2116 -0.9464 0.2439 0.0646 0.2355 0.9697 0.7159 2.6098 10.7479 11.0834 -6.7800 -25.9800 -24.0000 -0.6063 -0.0776 0.2758 166.85663 2.9121976 2.9122 -0.2377 -0.0665 0.3556 -0.1921 -0.2681 9.8679629413144E13 0.019997453434433377
0 -0.9685 0.2490 0.0040 -0.2405 -0.9394 0.2441 0.0646 0.2355 0.9697 0.7159 2.6098 10.7479 11.0834 -6.7800 -25.9800 -24.0000 -0.5678 0.0672 0.1506 165.15442 2.8824883 2.8825 -0.2377 -0.0665 0.3586 -0.1907 -0.2794 9.8679649410839E13 0.01999769443442656
0 -0.9677 0.2521 0.0004 -0.2456 -0.9431 0.2243 0.0570 0.2169 0.9745 0.6225 2.3703 10.6497 10.9281 -6.7800 -25.9800 -24.0000 -0.5488 0.0055 0.0950 165.03241 2.8803585 2.8804 -0.2186 -0.0584 0.3605 -0.1906 -0.2904 9.8679669408547E13 0.019997707434426193
1 -0.9677 0.2521 0.0004 -0.2456 -0.9431 0.2243 0.0570 0.2169 0.9745 0.6225 2.3703 10.6497 10.9281 -7.0800 -25.3800 -24.4800 -0.5488 0.0055 0.0950 165.03241 2.8803585 2.8804 -0.2186 -0.0584 0.3605 -0.1906 -0.2904 9.8679669408547E13 0.019997707434426193
1 -0.9641 0.2656 0.0034 -0.2600 -0.9461 0.1929 0.0545 0.1851 0.9812 0.6034 2.0495 10.8628 11.0709 -7.1400 -24.3600 -24.6000 -0.5488 0.0055 0.0950 164.31793 2.8678892 2.8679 -0.1862 -0.0555 0.3605 -0.1906 -0.2904 9.8679669408547E13 0.019997707434426193
0 -0.9597 0.2810 0.0003 -0.2757 -0.9417 0.1930 0.0545 0.1851 0.9812 0.6034 2.0495 10.8628 11.0709 -7.1400 -24.3600 -24.6000 -0.4792 -0.2523 0.1237 163.38464 2.8516004 2.8516 -0.1862 -0.0555 0.3630 -0.1956 -0.3000 9.8679689406307E13 0.019997759434424722
0 -0.9597 0.2810 0.0003 -0.2757 -0.9417 0.1930 0.0545 0.1851 0.9812 0.6034 2.0495 10.8628 11.0709 -7.1400 -24.3600 -24.6000 -0.2691 -0.2779 0.0547 163.38464 2.8516004 2.8516 -0.1862 -0.0555 0.3641 -0.2012 -0.3054 9.8679709404114E13 0.019997806434423393
1 -0.9658 0.2579 0.0249 -0.2486 -0.9493 0.1922 0.0732 0.1795 0.9810 0.8452 2.0710 11.3201 11.5390 -7.1400 -23.8200 -25.0200 -0.2691 -0.2779 0.0547 164.80054 2.8763118 2.8763 -0.1805 -0.0745 0.3641 -0.2012 -0.3054 9.8679709404114E13 0.019997806434423393
0 -0.9642 0.2642 0.0237 -0.2549 -0.9476 0.1924 0.0732 0.1795 0.9810 0.8452 2.0710 11.3201 11.5390 -7.1400 -23.8200 -25.0200 -0.0595 0.0953 -0.0491 164.42358 2.8697326 2.8697 -0.1805 -0.0745 0.3631 -0.1993 -0.3065 9.8679729401965E13 0.01999785043442215
1 -0.9686 0.2446 0.0435 -0.2317 -0.9525 0.1977 0.0898 0.1815 0.9793 1.0870 2.1955 11.8493 12.0999 -7.8600 -24.0000 -26.3400 -0.0595 0.0953 -0.0491 165.59637 2.8902016 2.8902 -0.1825 -0.0915 0.3631 -0.1993 -0.3065 9.8679729401965E13 0.01999785043442215
1 -0.9706 0.2256 0.0840 -0.2052 -0.9577 0.2018 0.1260 0.1786 0.9758 1.5084 2.1381 11.6817 11.9711 -7.6800 -24.1800 -26.0400 -0.0595 0.0953 -0.0491 166.74219 2.9101996 2.9102 -0.1796 -0.1284 0.3631 -0.1993 -0.3065 9.8679729401965E13 0.01999785043442215
0 -0.9725 0.2163 0.0860 -0.1957 -0.9599 0.2010 0.1260 0.1786 0.9758 1.5084 2.1381 11.6817 11.9711 -7.6800 -24.1800 -26.0400 0.0584 0.3317 -0.0290 167.30133 2.9199595 2.9200 -0.1796 -0.1284 0.3625 -0.1927 -0.3054 9.8679749399822E13 0.01999785643442198
1 -0.9725 0.2166 0.0856 -0.1901 -0.9505 0.2456 0.1346 0.2226 0.9656 1.6090 2.6600 11.5404 11.9518 -7.2000 -24.6000 -25.0800 0.0584 0.3317 -0.0290 167.1607 2.9175048 2.9175 -0.2244 -0.1385 0.3625 -0.1927 -0.3054 9.8679749399822E13 0.01999785643442198
0 -0.9770 0.1923 0.0919 -0.1652 -0.9558 0.2433 0.1346 0.2226 0.9656 1.6090 2.6600 11.5404 11.9518 -7.2000 -24.6000 -25.0800 0.1665 0.5131 -0.1066 168.62592 2.9430773 2.9431 -0.2244 -0.1385 0.3604 -0.1824 -0.3020 9.8679769397684E13 0.019997861434421838
1 -0.9706 0.2358 0.0474 -0.2214 -0.9530 0.2066 0.0939 0.1900 0.9773 1.0607 2.1477 11.0448 11.3015 -6.4800 -24.8400 -24.9600 0.1665 0.5131 -0.1066 166.10266 2.8990388 2.8990 -0.1912 -0.0957 0.3604 -0.1824 -0.3020 9.8679769397684E13 0.019997861434421838
0 -0.9783 0.1999 0.0551 -0.1848 -0.9612 0.2047 0.0939 0.1900 0.9773 1.0607 2.1477 11.0448 11.3015 -6.4800 -24.8400 -24.9600 0.2936 0.6542 -0.3821 168.25476 2.9366 2.9366 -0.1912 -0.0957 0.3528 -0.1693 -0.2962 9.867978939555E13 0.019997865434421724
1 -0.9565 0.2891 -0.0394 -0.2916 -0.9426 0.1624 0.0098 0.1669 0.9859 0.1006 1.7047 10.0727 10.2164 -5.8800 -24.4800 -25.3200 0.2936 0.6542 -0.3821 162.95056 2.8440235 2.8440 -0.1676 -0.0100 0.3528 -0.1693 -0.2962 9.867978939555E13 0.019997865434421724
0 -0.9627 0.2682 -0.0358 -0.2704 -0.9488 0.1633 0.0098 0.1669 0.9859 0.1006 1.7047 10.0727 10.2164 -5.8800 -24.4800 -25.3200 0.3528 0.9114 -0.4835 164.21289 2.866056 2.8661 -0.1676 -0.0100 0.3431 -0.1511 -0.2891 9.8679809393416E13 0.019997865434421724
1 -0.9427 0.3210 -0.0914 -0.3321 -0.9291 0.1629 -0.0326 0.1839 0.9824 -0.3041 1.7143 9.1557 9.3198 -5.4000 -24.7800 -25.2600 0.3528 0.9114 -0.4835 160.94122 2.808954 2.8090 -0.1850 0.0332 0.3431 -0.1511 -0.2891 9.8679809393416E13 0.019997865434421724
0 -0.9512 0.2960 -0.0870 -0.3068 -0.9373 0.1653 -0.0326 0.1839 0.9824 -0.3041 1.7143 9.1557 9.3198 -5.4000 -24.7800 -25.2600 0.1952 1.0214 -0.3100 162.47498 2.8357232 2.8357 -0.1850 0.0332 0.3369 -0.1307 -0.2852 9.8679829391216E13 0.01999779943442359
1 -0.9415 0.3182 -0.1109 -0.3346 -0.9217 0.1962 -0.0398 0.2219 0.9743 -0.3663 2.0447 8.9785 9.2157 -5.3400 -25.0800 -25.1400 0.1952 1.0214 -0.3100 160.95361 2.8091707 2.8092 -0.2237 0.0408 0.3369 -0.1307 -0.2852 9.8679829391216E13 0.01999779943442359
0 -0.9443 0.3106 -0.1093 -0.3268 -0.9243 0.1972 -0.0398 0.2219 0.9743 -0.3663 2.0447 8.9785 9.2157 -5.3400 -25.0800 -25.1400 0.0468 0.7312 -0.2214 161.4278 2.8174462 2.8174 -0.2237 0.0408 0.3325 -0.1160 -0.2843 9.8679849389082E13 0.019997865434421724
1 -0.9574 0.2790 -0.0750 -0.2885 -0.9364 0.1995 -0.0146 0.2126 0.9770 -0.1437 2.0974 9.6370 9.8636 -5.2200 -24.7200 -25.2000 0.0468 0.7312 -0.2214 163.40863 2.852019 2.8520 -0.2143 0.0149 0.3325 -0.1160 -0.2843 9.8679849389082E13 0.019997865434421724
0 -0.9575 0.2785 -0.0749 -0.2881 -0.9366 0.1995 -0.0146 0.2126 0.9770 -0.1437 2.0974 9.6370 9.8636 -5.2200 -24.7200 -25.2000 0.1066 0.2883 -0.2587 163.43768 2.8525252 2.8525 -0.2143 0.0149 0.3273 -0.1103 -0.2821 9.8679869386948E13 0.019997865434421724
1 -0.9624 0.2648 -0.0604 -0.2715 -0.9448 0.1836 -0.0084 0.1931 0.9811 -0.0862 1.9729 10.0224 10.2151 -4.8000 -24.6600 -25.5600 0.1066 0.2883 -0.2587 164.34265 2.8683207 2.8683 -0.1944 0.0086 0.3273 -0.1103 -0.2821 9.8679869386948E13 0.019997865434421724
0 -0.9672 0.2474 -0.0570 -0.2537 -0.9495 0.1847 -0.0084 0.1931 0.9811 -0.0862 1.9729 10.0224 10.2151 -4.8000 -24.6600 -25.5600 0.3620 0.0495 -0.3424 165.39764 2.886733 2.8867 -0.1944 0.0086 0.3204 -0.1093 -0.2749 9.8679889384748E13 0.01999779943442359
1 -0.9645 0.2557 -0.0655 -0.2628 -0.9536 0.1468 -0.0250 0.1588 0.9870 -0.2586 1.6449 10.2212 10.3559 -4.8000 -24.8400 -25.2600 0.3620 0.0495 -0.3424 164.9909 2.8796349 2.8796 -0.1595 0.0253 0.3204 -0.1093 -0.2749 9.8679889384748E13 0.01999779943442359
0 -0.9653 0.2527 -0.0651 -0.2598 -0.9544 0.1470 -0.0250 0.1588 0.9870 -0.2586 1.6449 10.2212 10.3559 -4.8000 -24.8400 -25.2600 0.7187 0.0525 -0.3240 165.16809 2.8827274 2.8827 -0.1595 0.0253 0.3140 -0.1082 -0.2605 9.8679909382548E13 0.01999779943442359
1 -0.9631 0.2594 -0.0721 -0.2685 -0.9454 0.1848 -0.0202 0.1974 0.9801 -0.1939 1.8939 9.4047 9.5955 -3.9600 -25.4400 -24.7800 0.7187 0.0525 -0.3240 164.65533 2.8737774 2.8738 -0.1987 0.0206 0.3140 -0.1082 -0.2605 9.8679909382548E13 0.01999779943442359
0 -0.9750 0.2132 -0.0630 -0.2214 -0.9569 0.1881 -0.0202 0.1974 0.9801 -0.1939 1.8939 9.4047 9.5955 -3.9600 -25.4400 -24.7800 1.0284 0.1387 -0.2281 167.44135 2.922403 2.9224 -0.1987 0.0206 0.3094 -0.1055 -0.2400 9.8679929380414E13 0.019997865434421724
1 -0.9687 0.2333 -0.0847 -0.2465 -0.9442 0.2183 -0.0290 0.2324 0.9722 -0.2586 2.0687 8.6553 8.9028 -3.4800 -26.1000 -24.6000 1.0284 0.1387 -0.2281 166.12195 2.8993754 2.8994 -0.2345 0.0299 0.3094 -0.1055 -0.2400 9.8679929380414E13 0.019997865434421724
0 -0.9760 0.2034 -0.0778 -0.2159 -0.9511 0.2209 -0.0290 0.2324 0.9722 -0.2586 2.0687 8.6553 8.9028 -3.4800 -26.1000 -24.6000 1.0883 0.1826 -0.2287 167.92633 2.9308672 2.9309 -0.2345 0.0299 0.3048 -0.1018 -0.2182 9.867994937828E13 0.019997865434421724
1 -0.9603 0.2481 -0.1274 -0.2717 -0.9353 0.2268 -0.0629 0.2524 0.9656 -0.5243 2.1046 8.0519 8.3389 -3.5400 -26.8800 -23.9400 1.0883 0.1826 -0.2287 165.143 2.8822894 2.8823 -0.2551 0.0650 0.3048 -0.1018 -0.2182 9.867994937828E13 0.019997865434421724
0 -0.9632 0.2381 -0.1250 -0.2615 -0.9379 0.2281 -0.0629 0.2524 0.9656 -0.5243 2.1046 8.0519 8.3389 -3.5400 -26.8800 -23.9400 0.8439 0.2517 -0.2019 165.75262 2.8929296 2.8929 -0.2551 0.0650 0.3008 -0.0968 -0.2013 9.867996937608E13 0.01999779943442359
1 -0.9531 0.2614 -0.1526 -0.2905 -0.9315 0.2187 -0.0849 0.2528 0.9638 -0.6991 2.0806 7.9322 8.2303 -2.8800 -27.3600 -23.1600 0.8439 0.2517 -0.2019 164.3252 2.8680158 2.8680 -0.2556 0.0879 0.3008 -0.0968 -0.2013 9.867996937608E13 0.01999779943442359
0 -0.9642 0.2229 -0.1435 -0.2511 -0.9415 0.2248 -0.0849 0.2528 0.9638 -0.6991 2.0806 7.9322 8.2303 -2.8800 -27.3600 -23.1600 0.5666 0.4288 -0.1114 166.67828 2.9090848 2.9091 -0.2556 0.0879 -0.0022 0.0086 0.0113 9.8679989373946E13 0.019997865434421724
1 -0.9402 0.2723 -0.2047 -0.3165 -0.9204 0.2294 -0.1260 0.2805 0.9515 -0.9817 2.1860 7.4151 7.7926 -2.3400 -27.0600 -22.8600 0.5666 0.4288 -0.1114 163.52112 2.8539817 2.8540 -0.2843 0.1316 -0.0022 0.0086 0.0113 9.8679989373946E13 0.019997865434421724
0 -0.9475 0.2502 -0.1992 -0.2940 -0.9267 0.2343 -0.1260 0.2805 0.9515 -0.9817 2.1860 7.4151 7.7926 -2.3400 -27.0600 -22.8600 0.5214 0.4032 -0.0241 164.88971 2.8778687 2.8779 -0.2843 0.1316 -0.0027 0.0166 0.0218 9.8680009371846E13 0.019997899434420763
1 -0.9544 0.2365 -0.1822 -0.2827 -0.9121 0.2969 -0.0960 0.3349 0.9374 -0.7542 2.6313 7.3648 7.8570 -2.7600 -27.0000 -22.3200 0.5214 0.4032 -0.0241 165.46552 2.8879175 2.8879 -0.3415 0.1020 -0.0027 0.0166 0.0218 9.8680009371846E13 0.019997899434420763
0 -0.9495 0.2518 -0.1872 -0.2987 -0.9080 0.2938 -0.0960 0.3349 0.9374 -0.7542 2.6313 7.3648 7.8570 -2.7600 -27.0000 -22.3200 0.4218 0.2553 0.1127 164.49951 2.8710585 2.8711 -0.3415 0.1020 -0.0005 0.0217 0.0302 9.8680029369679E13 0.019997832434422658
1 -0.9551 0.2406 -0.1729 -0.2847 -0.9069 0.3106 -0.0821 0.3459 0.9347 -0.6345 2.6720 7.2211 7.7257 -2.4000 -27.7200 -22.0800 0.4218 0.2553 0.1127 165.14185 2.8822691 2.8823 -0.3532 0.0876 -0.0005 0.0217 0.0302 9.8680029369679E13 0.019997832434422658
0 -0.9631 0.2138 -0.1637 -0.2565 -0.9136 0.3155 -0.0821 0.3459 0.9347 -0.6345 2.6720 7.2211 7.7257 -2.4000 -27.7200 -22.0800 0.4243 0.0617 0.1237 166.82886 2.9117124 2.9117 -0.3532 0.0876 0.0020 0.0230 0.0387 9.8680049367445E13 0.019997765434424553
1 -0.9479 0.2447 -0.2041 -0.2993 -0.9034 0.3070 -0.1093 0.3521 0.9296 -0.7781 2.5068 6.6178 7.1193 -2.2800 -28.0800 -21.7800 0.4243 0.0617 0.1237 164.84631 2.8771114 2.8771 -0.3598 0.1170 0.0020 0.0230 0.0387 9.8680049367445E13 0.019997765434424553
0 -0.9519 0.2324 -0.1999 -0.2864 -0.9067 0.3098 -0.1093 0.3521 0.9296 -0.7781 2.5068 6.6178 7.1193 -2.2800 -28.0800 -21.7800 0.4750 -0.0580 0.1311 165.6247 2.8906963 2.8907 -0.3598 0.1170 0.0046 0.0218 0.0482 9.8680069365278E13 0.019997832434422658
1 -0.9439 0.2468 -0.2194 -0.3086 -0.8958 0.3200 -0.1175 0.3697 0.9217 -0.7566 2.3799 5.9330 6.4372 -3.0000 -28.3200 -21.6000 0.4750 -0.0580 0.1311 164.59674 2.872755 2.8728 -0.3787 0.1268 0.0046 0.0218 0.0482 9.8680069365278E13 0.019997832434422658
0 -0.9342 0.2735 -0.2289 -0.3367 -0.8880 0.3133 -0.1175 0.3697 0.9217 -0.7566 2.3799 5.9330 6.4372 -3.0000 -28.3200 -21.6000 0.4707 -0.0654 0.2404 162.88007 2.8427935 2.8428 -0.3787 0.1268 0.0094 0.0205 0.0576 9.8680089363144E13 0.019997865434421724
1 -0.9223 0.2914 -0.2540 -0.3715 -0.8497 0.3742 -0.1067 0.4395 0.8919 -0.5531 2.2770 4.6210 5.1811 -2.8800 -28.3800 -21.7200 0.4707 -0.0654 0.2404 161.06982 2.8111987 2.8112 -0.4550 0.1191 0.0094 0.0205 0.0576 9.8680089363144E13 0.019997865434421724
0 -0.9244 0.2865 -0.2518 -0.3662 -0.8513 0.3757 -0.1067 0.4395 0.8919 -0.5531 2.2770 4.6210 5.1811 -2.8800 -28.3800 -21.7200 0.3326 0.0794 0.3992 161.39795 2.8169255 2.8169 -0.4550 0.1191 0.0174 0.0221 0.0642 9.8680109360944E13 0.01999779943442359
1 -0.9201 0.2927 -0.2604 -0.3893 -0.7576 0.5240 -0.0439 0.5835 0.8109 -0.1724 2.2913 3.1844 3.9269 -3.1200 -28.1400 -21.1800 0.3326 0.0794 0.3992 158.87793 2.7729428 2.7729 -0.6230 0.0541 0.0174 0.0221 0.0642 9.8680109360944E13 0.01999779943442359
0 -0.9149 0.3026 -0.2673 -0.4013 -0.7536 0.5206 -0.0439 0.5835 0.8109 -0.1724 2.2913 3.1844 3.9269 -3.1200 -28.1400 -21.1800 0.0260 0.0049 0.5239 158.12402 2.7597845 2.7598 -0.6230 0.0541 0.0279 0.0222 0.0648 9.8680129358744E13 0.01999779943442359
1 -0.9926 0.1207 -0.0142 -0.1020 -0.7640 0.6371 0.0661 0.6338 0.7707 0.2346 2.2506 2.7367 3.5510 -3.6000 -28.4400 -21.0000 0.0260 0.0049 0.5239 171.02075 2.984875 2.9849 -0.6865 -0.0855 0.0279 0.0222 0.0648 9.8680129358744E13 0.01999779943442359
0 -0.9862 0.1589 -0.0461 -0.1517 -0.7570 0.6356 0.0661 0.6338 0.7707 0.2346 2.2506 2.7367 3.5510 -3.6000 -28.4400 -21.0000 -0.3924 -0.0861 0.5990 168.14655 2.9347107 2.9347 -0.6865 -0.0855 0.0399 0.0205 0.0569 9.868014935661E13 0.019997865434421724
1 -0.9910 0.0288 0.1309 0.0461 -0.8439 0.5345 0.1259 0.5357 0.8350 0.4118 1.7526 2.7319 3.2717 -3.8400 -28.3200 -21.0000 -0.3924 -0.0861 0.5990 178.04834 3.1075299 3.1075 -0.5653 -0.1496 0.0399 0.0205 0.0569 9.868014935661E13 0.019997865434421724
0 -0.9917 0.0450 0.1206 0.0270 -0.8432 0.5369 0.1259 0.5357 0.8350 0.4118 1.7526 2.7319 3.2717 -3.8400 -28.3200 -21.0000 -0.7571 -0.0819 0.5776 176.94244 3.0882282 3.0882 -0.5653 -0.1496 0.0514 0.0188 0.0418 9.8680169354476E13 0.019997865434421724
1 -0.9871 0.1568 -0.0309 -0.1530 -0.8708 0.4672 0.0463 0.4659 0.8836 0.1173 1.1804 2.2386 2.5335 -4.0800 -27.7200 -21.2400 -0.7571 -0.0819 0.5776 169.79327 2.9634511 2.9635 -0.4847 -0.0524 0.0514 0.0188 0.0418 9.8680169354476E13 0.019997865434421724
0 -0.9834 0.1766 -0.0416 -0.1754 -0.8670 0.4664 0.0463 0.4659 0.8836 0.1173 1.1804 2.2386 2.5335 -4.0800 -27.7200 -21.2400 -0.8506 -0.0134 0.5929 168.48694 2.9406514 2.9407 -0.4847 -0.0524 0.0633 0.0186 0.0248 9.8680189352276E13 0.01999779943442359
1 -0.9870 0.1598 -0.0189 -0.1587 -0.9481 0.2755 0.0261 0.2749 0.9611 0.0311 0.3280 1.1469 1.1932 -4.3200 -27.2400 -22.1400 -0.8506 -0.0134 0.5929 170.43561 2.974662 2.9747 -0.2785 -0.0271 0.0633 0.0186 0.0248 9.8680189352276E13 0.01999779943442359
0 -0.9843 0.1751 -0.0234 -0.1747 -0.9454 0.2751 0.0261 0.2749 0.9611 0.0311 0.3280 1.1469 1.1932 -4.3200 -27.2400 -22.1400 -0.9160 -0.0018 0.7120 169.50781 2.9584694 2.9585 -0.2785 -0.0271 0.0775 0.0185 0.0064 9.8680209350142E13 0.019997865434421724
1 -0.9843 0.1751 -0.0234 -0.1747 -0.9454 0.2751 0.0261 0.2749 0.9611 0.1365 0.1508 -0.8093 0.8344 -4.7400 -27.1800 -23.0400 -0.9160 -0.0018 0.7120 169.50781 2.9584694 2.9585 -0.2785 -0.0271 0.0775 0.0185 0.0064 9.8680209350142E13 0.019997865434421724
0 -0.9843 0.1751 -0.0234 -0.1747 -0.9454 0.2751 0.0261 0.2749 0.9611 0.1365 0.1508 -0.8093 0.8344 -4.7400 -27.1800 -23.0400 -1.0864 -0.2938 0.8433 169.50781 2.9584694 2.9585 -0.2785 -0.0271 0.0944 0.0127 -0.0153 9.8680229348042E13 0.019997899434420763
1 0.7660 -0.4882 0.4183 -0.1842 -0.7900 -0.5847 0.6159 0.3708 -0.6951 1.3599 0.8188 -1.5347 2.2080 -5.6400 -25.9200 -23.0400 -1.0864 -0.2938 0.8433 211.7116 -2.588121 -2.5881 -0.3799 -2.4165 0.0944 0.0127 -0.0153 9.8680229348042E13 0.019997899434420763
0 0.7586 -0.5173 0.3962 -0.2126 -0.7713 -0.5999 0.6159 0.3708 -0.6951 1.3599 0.8188 -1.5347 2.2080 -5.6400 -25.9200 -23.0400 -1.8158 -0.9762 1.0180 213.84674 -2.5508556 -2.5509 -0.3799 -2.4165 0.1148 -0.0069 -0.0516 9.8680249345708E13 0.01999766543442738
1 -0.3098 -0.5931 0.7431 0.2099 -0.8050 -0.5550 0.9273 -0.0159 0.3739 2.0902 -0.0359 0.8428 2.2540 -6.8400 -24.4200 -24.4200 -1.8158 -0.9762 1.0180 216.38463 -2.506561 -2.5066 0.0159 -1.1875 0.1148 -0.0069 -0.0516 9.8680249345708E13 0.01999766543442738
0 -0.2993 -0.6315 0.7153 0.2247 -0.7752 -0.5904 0.9273 -0.0159 0.3739 2.0902 -0.0359 0.8428 2.2540 -6.8400 -24.4200 -24.4200 -2.8463 -1.5424 0.7835 219.16563 -2.4580233 -2.4580 0.0159 -1.1875 0.1304 -0.0377 -0.1085 9.8680269343374E13 0.01999766543442738
1 -0.8972 -0.1602 0.4115 0.0301 -0.9519 -0.3049 0.4405 -0.2612 0.8589 2.2410 -1.3288 4.3696 5.0873 -7.5000 -23.4600 -26.2200 -2.8463 -1.5424 0.7835 189.55034 -2.9749079 -2.9749 0.2643 -0.4739 0.1304 -0.0377 -0.1085 9.8680269343374E13 0.01999766543442738
0 -0.8969 -0.1697 0.4084 0.0391 -0.9502 -0.3090 0.4405 -0.2612 0.8589 2.2410 -1.3288 4.3696 5.0873 -7.5000 -23.4600 -26.2200 -3.6728 -2.1997 0.4732 190.12558 -2.964868 -2.9649 0.2643 -0.4739 0.1399 -0.0817 -0.1820 9.8680289341007E13 0.019997632434428314
1 -0.9276 -0.1043 0.3587 0.0065 -0.9646 -0.2636 0.3734 -0.2422 0.8955 4.2307 -2.7438 10.1445 11.3287 -8.8200 -22.5000 -26.8800 -3.6728 -2.1997 0.4732 186.17061 -3.0338953 -3.0339 0.2446 -0.3951 0.1399 -0.0817 -0.1820 9.8680289341007E13 0.019997632434428314
0 -0.9274 -0.0745 0.3666 -0.0221 -0.9674 -0.2524 0.3734 -0.2422 0.8955 4.2307 -2.7438 10.1445 11.3287 -8.8200 -22.5000 -26.8800 -3.7803 -2.8711 0.4505 184.4011 -3.064779 -3.0648 0.2446 -0.3951 0.1489 -0.1391 -0.2576 9.8680309338607E13 0.019997599434429247
1 -0.9298 -0.0677 0.3618 -0.0119 -0.9769 -0.2134 0.3679 -0.2027 0.9075 6.3783 -3.5148 15.7352 17.3388 -11.8200 -20.5200 -27.6600 -3.7803 -2.8711 0.4505 183.96538 -3.0723839 -3.0724 0.2041 -0.3851 0.1489 -0.1391 -0.2576 9.8680309338607E13 0.019997599434429247
0 -0.9249 0.0211 0.3796 -0.0961 -0.9790 -0.1797 0.3679 -0.2027 0.9075 6.3783 -3.5148 15.7352 17.3388 -11.8200 -20.5200 -27.6600 -3.5763 -2.8979 0.3076 178.76782 3.120087 3.1201 0.2041 -0.3851 0.1550 -0.1971 -0.3291 9.8680329336107E13 0.019997499434432076
1 -0.9350 0.0702 0.3475 -0.1294 -0.9801 -0.1502 0.3301 -0.1854 0.9256 7.8245 -4.3959 21.9411 23.7057 -13.5600 -17.7600 -28.2600 -3.5763 -2.8979 0.3076 175.90448 3.0701122 3.0701 0.1865 -0.3426 0.1550 -0.1971 -0.3291 9.8680329336107E13 0.019997499434432076
0 -0.9239 0.1374 0.3570 -0.1933 -0.9730 -0.1260 0.3301 -0.1854 0.9256 7.8245 -4.3959 21.9411 23.7057 -13.5600 -17.7600 -28.2600 -3.3069 -2.6646 -0.0491 171.96448 3.0013463 3.0013 0.1865 -0.3426 0.1541 -0.2504 -0.3952 9.8680349333607E13 0.019997499434432076
1 -0.9263 0.2167 0.3083 -0.2650 -0.9562 -0.1243 0.2678 -0.1968 0.9431 8.4350 -6.1988 29.7010 31.4916 -15.0600 -15.6600 -28.7400 -3.3069 -2.6646 -0.0491 167.23187 2.9187472 2.9187 0.1981 -0.2767 0.1541 -0.2504 -0.3952 9.8680349333607E13 0.019997499434432076
0 -0.9038 0.2878 0.3167 -0.3338 -0.9372 -0.1008 0.2678 -0.1968 0.9431 8.4350 -6.1988 29.7010 31.4916 -15.0600 -15.6600 -28.7400 -2.8982 -2.5803 -0.3533 162.92719 2.8436155 2.8436 0.1981 -0.2767 0.1470 -0.3020 -0.4532 9.8680369331107E13 0.019997499434432076
1 -0.8873 0.3839 0.2558 -0.4127 -0.9083 -0.0682 0.2061 -0.1660 0.9643 7.6521 -6.1629 35.7968 37.1207 -17.4600 -14.2800 -28.9200 -2.8982 -2.5803 -0.3533 157.08972 2.741733 2.7417 0.1668 -0.2106 0.1470 -0.3020 -0.4532 9.8680369331107E13 0.019997499434432076
0 -0.8328 0.4877 0.2620 -0.5138 -0.8571 -0.0377 0.2061 -0.1660 0.9643 7.6521 -6.1629 35.7968 37.1207 -17.4600 -14.2800 -28.9200 -1.9502 -1.8515 -0.3124 150.3606 2.6242876 2.6243 0.1668 -0.2106 0.1407 -0.3390 -0.4922 9.868038932854E13 0.01999743243443397
1 -0.8325 0.4884 0.2614 -0.5097 -0.8602 -0.0159 0.2171 -0.1465 0.9651 7.6186 -5.1405 33.8646 35.0896 -18.3600 -13.3200 -29.0400 -1.9502 -1.8515 -0.3124 150.41138 2.6251736 2.6252 0.1470 -0.2213 0.1407 -0.3390 -0.4922 9.868038932854E13 0.01999743243443397
0 -0.8028 0.5356 0.2619 -0.5553 -0.8317 -0.0013 0.2171 -0.1465 0.9651 7.6186 -5.1405 33.8646 35.0896 -18.3600 -13.3200 -29.0400 -0.4273 0.3659 0.1030 147.21896 2.5694556 2.5695 0.1470 -0.2213 0.1428 -0.3317 -0.5007 9.8680409325973E13 0.01999743243443397
1 -0.7865 0.5709 0.2354 -0.5822 -0.8126 0.0255 0.2059 -0.1170 0.9716 6.5100 -3.6992 30.7233 31.6226 -18.0600 -12.9000 -29.2800 -0.4273 0.3659 0.1030 144.90945 2.529147 2.5291 0.1172 -0.2088 0.1428 -0.3317 -0.5007 9.8680409325973E13 0.01999743243443397
0 -0.7880 0.5688 0.2355 -0.5802 -0.8141 0.0249 0.2059 -0.1170 0.9716 6.5100 -3.6992 30.7233 31.6226 -18.0600 -12.9000 -29.2800 0.4518 1.4197 0.2129 145.05847 2.5317478 2.5317 0.1172 -0.2088 0.1471 -0.3033 -0.4917 9.8680429323473E13 0.019997499434432076
0 -0.7858 0.5732 0.2322 -0.5724 -0.8163 0.0779 0.2341 -0.0717 0.9696 5.8253 -1.7837 24.1223 24.8797 -18.0600 -12.9000 -29.2800 0.4518 1.4197 0.2129 144.92151 2.5293577 2.5294 0.0718 -0.2370 0.1514 -0.2744 -0.4825 9.8680449655139E13 0.020331665424981216
0 -0.7729 0.5975 0.2135 -0.5981 -0.7984 0.0691 0.2117 -0.0743 0.9745 4.5802 -1.6066 21.0792 21.6308 -18.0600 -12.9000 -29.2800 0.4518 1.4197 0.2129 143.18927 2.4991243 2.4991 0.0743 -0.2140 0.1557 -0.2455 -0.4733 9.8680469986805E13 0.020331665424981216
0 -0.7822 0.5802 0.2268 -0.5866 -0.8086 0.0455 0.2098 -0.0975 0.9729 3.7518 -1.7430 17.3968 17.8819 -18.0600 -12.9000 -29.2800 0.4518 1.4197 0.2129 144.33646 2.5191464 2.5191 0.0976 -0.2124 0.1601 -0.2167 -0.4641 9.8680490318505E13 0.020331699424980254
0 -0.8092 0.5224 0.2689 -0.5354 -0.8441 0.0286 0.2420 -0.1208 0.9627 3.5723 -1.7837 14.2124 14.7626 -18.0600 -12.9000 -29.2800 0.4518 1.4197 0.2129 148.24734 2.5874045 2.5874 0.1211 -0.2462 0.1644 -0.1878 -0.4549 9.8680510650638E13 0.020332132424968008
1 -0.8476 0.4027 0.3454 -0.4279 -0.9038 0.0038 0.3137 -0.1446 0.9385 3.6321 -1.6736 10.8652 11.5778 -18.0600 -12.7200 -29.2800 0.4518 1.4197 0.2129 155.98248 2.7224076 2.7224 0.1451 -0.3226 0.1644 -0.1878 -0.4549 9.8680510650638E13 0.020332132424968008
0 -0.8460 0.4062 0.3454 -0.4311 -0.9023 0.0051 0.3137 -0.1446 0.9385 3.6321 -1.6736 10.8652 11.5778 -18.0600 -12.7200 -29.2800 3.8531 1.1839 -0.0552 155.76514 2.7186146 2.7186 0.1451 -0.3226 0.1633 -0.1637 -0.3766 9.8680530982338E13 0.020331699424980254
0 -0.8604 0.0558 0.5065 -0.1404 -0.9815 -0.1304 0.4898 -0.1833 0.8523 4.0894 -1.5299 7.1158 8.3486 -18.0600 -12.7200 -29.2800 4.2575 1.3024 -0.1066 176.74683 3.0848143 3.0848 0.1843 -0.5216 0.1611 -0.1373 -0.2900 9.8680551314038E13 0.020331699424980254
0 -0.5471 -0.5900 0.5938 0.1760 -0.7746 -0.6075 0.8183 -0.2278 0.5276 4.0846 -1.1373 2.6337 4.9914 -18.0600 -12.7200 -29.2800 4.5592 1.5901 -0.2837 217.29546 -2.4906642 -2.4907 0.2299 -0.9981 0.1553 -0.1049 -0.1973 9.8680571645738E13 0.020331699424980254
0 0.1346 -0.9365 0.3238 -0.4804 -0.3475 -0.8053 0.8667 -0.0472 -0.4967 3.9146 -0.2131 -2.2434 4.5169 -18.0600 -12.7200 -29.2800 4.5586 2.1301 -0.6117 249.64247 -1.9261022 -1.9261 0.0472 -2.0912 0.1429 -0.0616 -0.1046 9.8680591977438E13 0.020331699424980254
0 0.3676 -0.9142 0.1704 -0.9150 -0.3883 -0.1094 0.1662 -0.1157 -0.9793 0.8907 -0.6201 -5.2483 5.3593 -18.0600 -12.7200 -29.2800 3.9655 2.7550 -1.0565 246.986 -1.9724665 -1.9725 0.1160 -2.9735 0.1214 -0.0056 -0.0240 9.8680612309104E13 0.020331665424981216
1 0.5284 -0.8479 0.0425 -0.8336 -0.5087 0.2152 -0.1609 -0.1491 -0.9757 -0.9170 -0.8500 -5.5619 5.7007 -16.1400 -14.8200 -28.5600 3.9655 2.7550 -1.0565 239.04085 -2.1111355 -2.1111 0.1497 2.9782 0.1214 -0.0056 -0.0240 9.8680612309104E13 0.020331665424981216
0 0.6749 -0.7379 0.0015 -0.7202 -0.6582 0.2193 -0.1609 -0.1491 -0.9757 -0.9170 -0.8500 -5.5619 5.7007 -16.1400 -14.8200 -28.5600 2.7572 3.3952 -1.3808 228.26558 -2.2991993 -2.2992 0.1497 2.9782 0.0933 0.0634 0.0320 9.8680632640737E13 0.02033163242498215
0 0.8317 -0.5174 -0.2016 -0.4730 -0.8503 0.2309 -0.2909 -0.0967 -0.9519 -2.2746 -0.7566 -7.4438 7.8202 -16.1400 -14.8200 -28.5600 1.5006 3.2895 -1.2800 211.31856 -2.5949807 -2.5950 0.0969 2.8450 0.0673 0.1303 0.0625 9.8680652972437E13 0.020331699424980254
0 0.8938 -0.1968 -0.4030 -0.1861 -0.9803 0.0659 -0.4080 0.0161 -0.9128 -2.8564 0.1125 -6.3903 7.0005 -16.1400 -14.8200 -28.5600 0.4903 2.8369 -0.8628 191.3523 -2.9434576 -2.9435 -0.0161 2.7212 0.0498 0.1880 0.0725 9.8680673304137E13 0.020331699424980254
0 0.8932 -0.2408 -0.3798 -0.2331 -0.9702 0.0668 -0.3846 0.0288 -0.9226 -2.0758 0.1556 -4.9801 5.3977 -16.1400 -14.8200 -28.5600 -0.5623 2.1753 -0.3014 193.93748 -2.8983376 -2.8983 -0.0288 2.7467 0.0436 0.2322 0.0611 9.8680693635803E13 0.020331665424981216
0 0.8286 0.1414 -0.5416 0.1274 -0.9898 -0.0634 -0.5451 -0.0165 -0.8382 -1.5850 -0.0479 -2.4374 2.9078 -16.1400 -14.8200 -28.5600 -1.3802 1.4197 0.2203 171.8725 2.9997408 2.9997 0.0165 2.5650 0.0481 0.2611 0.0330 9.8680713967469E13 0.020331665424981216
1 0.8512 0.0742 -0.5196 -0.0098 -0.9875 -0.1572 -0.5247 0.1389 -0.8399 -0.9769 0.2586 -1.5635 1.8616 -12.3000 -19.0200 -26.0400 -1.3802 1.4197 0.2203 175.70074 3.066556 3.0666 -0.1394 2.5831 0.0481 0.2611 0.0330 9.8680713967469E13 0.020331665424981216
0 0.8497 0.1446 -0.5070 0.0510 -0.9797 -0.1939 -0.5247 0.1389 -0.8399 -0.9769 0.2586 -1.5635 1.8616 -12.3000 -19.0200 -26.0400 -1.8396 0.6952 0.5385 171.60297 2.9950366 2.9950 -0.1394 2.5831 0.0591 0.2752 -0.0044 9.8680734299169E13 0.020331699424980254
0 0.8497 0.1446 -0.5070 0.0510 -0.9797 -0.1939 -0.5247 0.1389 -0.8399 -0.9769 0.2586 -1.5635 1.8616 -12.3000 -19.0200 -26.0400 -1.8396 0.1888 0.7419 171.60297 2.9950366 2.9950 -0.1394 2.5831 0.0741 0.2790 -0.0418 9.8680754630969E13 0.020331799424977426
0 0.8067 -0.5889 0.0491 -0.5454 -0.7740 -0.3217 0.2274 0.2327 -0.9456 0.9266 0.9481 -3.8524 4.0741 -12.3000 -19.0200 -26.0400 -1.6264 -0.1405 0.8476 217.26692 -2.491162 -2.4912 -0.2349 -2.9056 0.0914 0.2762 -0.0748 9.8680774962835E13 0.02033186542497556
0 0.6136 -0.7470 0.2558 -0.7079 -0.6640 -0.2409 0.3498 -0.0332 -0.9362 1.2354 -0.1173 -3.3065 3.5317 -12.3000 -19.0200 -26.0400 -1.6832 -0.5999 0.6870 228.36813 -2.2974095 -2.2974 0.0332 -2.7840 0.1053 0.2640 -0.1091 9.8680795294768E13 0.020331932424973664
0 0.1396 -0.8299 0.5402 -0.8116 -0.4085 -0.4178 0.5673 -0.3801 -0.7305 1.9729 -1.3216 -2.5403 3.4774 -12.3000 -19.0200 -26.0400 -2.1004 -1.0116 0.4029 243.79248 -2.0282037 -2.0282 0.3899 -2.4813 0.1135 0.2434 -0.1518 9.8680815626768E13 0.02033199942497177
1 -0.4802 -0.5847 0.6539 -0.3556 -0.5517 -0.7544 0.8019 -0.5948 0.0570 3.1988 -2.3727 0.2275 3.9892 -7.9200 -23.0400 -24.9000 -2.1004 -1.0116 0.4029 226.6626 -2.3271766 -2.3272 0.6370 -1.4998 0.1135 0.2434 -0.1518 9.8680815626768E13 0.02033199942497177
0 -0.4697 -0.5685 0.6754 -0.3693 -0.5684 -0.7352 0.8019 -0.5948 0.0570 3.1988 -2.3727 0.2275 3.9892 -7.9200 -23.0400 -24.9000 -2.7064 -1.3952 0.2111 225.00563 -2.3560963 -2.3561 0.6370 -1.4998 0.1178 0.2151 -0.2068 9.8680835958768E13 0.02033199942497177
0 -0.7197 -0.3804 0.5809 -0.0512 -0.8052 -0.5908 0.6924 -0.4549 0.5600 4.7957 -3.1509 3.8787 6.9261 -7.9200 -23.0400 -24.9000 -4.0051 -2.5308 -0.1286 205.28415 -2.700301 -2.7003 0.4723 -0.8907 0.1152 0.1636 -0.2882 9.8680856290768E13 0.02033199942497177
0 -0.7813 -0.3142 0.5393 -0.1247 -0.7680 -0.6282 0.6115 -0.5580 0.5609 5.0615 -4.6186 4.6425 8.2766 -7.9200 -23.0400 -24.9000 -4.3521 -2.7770 -0.4835 202.24977 -2.7532609 -2.7533 0.5920 -0.8285 0.1054 0.1071 -0.3767 9.8680876622768E13 0.02033199942497177
0 -0.9202 -0.0942 0.3799 -0.1897 -0.7417 -0.6434 0.3423 -0.6641 0.6647 4.2570 -8.2579 8.2650 12.4348 -7.9200 -23.0400 -24.9000 -4.4266 -3.0232 -0.8286 187.23805 -3.0152647 -3.0153 0.7263 -0.4756 0.0885 0.0457 -0.4667 9.8680896954768E13 0.02033199942497177
0 -0.9244 -0.0844 0.3721 -0.1398 -0.8325 -0.5361 0.3550 -0.5476 0.7577 5.9977 -9.2515 12.8022 16.8955 -7.9200 -23.0400 -24.9000 -4.2525 -3.7446 -0.7755 185.78691 -3.040592 -3.0406 0.5795 -0.4381 0.0728 -0.0305 -0.5532 9.8680917286768E13 0.02033199942497177
1 -0.9042 -0.1292 0.4071 -0.0407 -0.9228 -0.3832 0.4252 -0.3630 0.8291 12.3233 -10.5204 24.0289 28.9816 -4.7400 -25.2000 -25.0200 -4.2525 -3.7446 -0.7755 187.97028 -3.002485 -3.0025 0.3715 -0.4739 0.0728 -0.0305 -0.5532 9.8680917286768E13 0.02033199942497177
0 -0.9045 -0.2024 0.3753 0.0316 -0.9095 -0.4144 0.4252 -0.3630 0.8291 12.3233 -10.5204 24.0289 28.9816 -4.7400 -25.2000 -25.0200 -4.0356 -5.1453 -0.2697 192.54831 -2.9225833 -2.9226 0.3715 -0.4739 0.0673 -0.1351 -0.6352 9.8680937618768E13 0.02033199942497177
0 -0.9492 -0.1131 0.2938 -0.0057 -0.9269 -0.3753 0.3147 -0.3579 0.8791 12.5484 -14.2675 35.0498 39.8687 -4.7400 -25.2000 -25.0200 -4.4614 -5.3952 -0.2012 186.9588 -3.0201387 -3.0201 0.3660 -0.3438 0.0632 -0.2448 -0.7259 9.8680957950768E13 0.02033199942497177
0 -0.9876 0.0334 0.1535 -0.0824 -0.9419 -0.3257 0.1337 -0.3343 0.9329 6.2443 -15.6107 43.5686 46.7002 -4.7400 -25.2000 -25.0200 -4.5866 -3.8356 -0.7284 177.97144 3.106187 3.1062 0.3408 -0.1424 0.0484 -0.3228 -0.8192 9.8680978282768E13 0.02033199942497177
0 -0.9876 0.0334 0.1535 -0.0824 -0.9419 -0.3257 0.1337 -0.3343 0.9329 6.2443 -15.6107 43.5686 46.7002 -4.7400 -25.2000 -25.0200 -3.0925 -1.6616 -0.3424 177.97144 3.106187 3.1062 0.3408 -0.1424 0.0414 -0.3565 -0.8821 9.8680998614768E13 0.02033199942497177
0 -0.9730 -0.0424 0.2270 -0.0156 -0.9687 -0.2478 0.2304 -0.2446 0.9418 7.3552 -7.8101 30.0673 31.9240 -4.7400 -25.2000 -25.0200 -0.7895 0.8656 0.6662 182.5047 -3.0978773 -3.0979 0.2472 -0.2399 0.0550 -0.3389 -0.8981 9.8681018946768E13 0.02033199942497177
1 -0.9827 0.0010 0.1852 -0.0453 -0.9708 -0.2355 0.1796 -0.2398 0.9541 4.1828 -5.5858 22.2261 23.2958 -6.3600 -21.7200 -26.7600 -0.7895 0.8656 0.6662 179.94214 3.1405833 3.1406 0.2421 -0.1860 0.0550 -0.3389 -0.8981 9.8681018946768E13 0.02033199942497177
0 -0.9796 0.0456 0.1958 -0.0905 -0.9698 -0.2267 0.1796 -0.2398 0.9541 4.1828 -5.5858 22.2261 23.2958 -6.3600 -21.7200 -26.7600 0.5629 2.6182 0.8824 177.30823 3.0946124 3.0946 0.2421 -0.1860 0.0729 -0.2857 -0.8867 9.8681039278401E13 0.02033163242498215
0 -0.9792 0.0423 0.1984 -0.0835 -0.9754 -0.2042 0.1849 -0.2165 0.9586 3.4980 -4.0966 18.1390 18.9220 -6.3600 -21.7200 -26.7600 1.3070 2.9493 0.7187 177.51648 3.0982475 3.0982 0.2182 -0.1905 0.0873 -0.2267 -0.8606 9.8681059276234E13 0.019997832434422658
0 -0.9722 -0.0040 0.2343 -0.0427 -0.9802 -0.1936 0.2304 -0.1982 0.9527 3.8380 -3.3017 15.8716 16.6596 -6.3600 -21.7200 -26.7600 1.9740 2.3091 0.6778 180.23119 -3.1375577 -3.1376 0.1995 -0.2373 0.1008 -0.1806 -0.8211 9.8681079274E13 0.019997765434424553
0 -0.9822 0.0752 0.1724 -0.1151 -0.9652 -0.2347 0.1487 -0.2504 0.9566 2.5116 -4.2283 16.1542 16.8862 -6.3600 -21.7200 -26.7600 2.3882 1.6194 0.5061 175.5448 3.0638351 3.0638 0.2531 -0.1542 0.1110 -0.1482 -0.7733 9.86810992718E13 0.01999779943442359
0 -0.9834 0.1191 0.1370 -0.1478 -0.9636 -0.2230 0.1055 -0.2395 0.9651 1.7885 -4.0607 16.3625 16.9534 -6.3600 -21.7200 -26.7600 2.6717 1.0275 0.1720 172.95361 3.0186098 3.0186 0.2419 -0.1089 0.1144 -0.1276 -0.7199 9.8681119269166E13 0.019997365434435865
1 -0.9777 0.0301 0.2079 -0.0894 -0.9552 -0.2823 0.1901 -0.2946 0.9365 2.6720 -4.1397 13.1613 14.0534 -10.0200 -15.1800 -29.6400 2.6717 1.0275 0.1720 178.19629 3.1101117 3.1101 0.2990 -0.2003 0.1144 -0.1276 -0.7199 9.8681119269166E13 0.019997365434435865
0 -0.9572 0.1564 0.2435 -0.2182 -0.9428 -0.2522 0.1901 -0.2946 0.9365 2.6720 -4.1397 13.1613 14.0534 -10.0200 -15.1800 -29.6400 3.2422 0.6713 0.0309 170.58301 2.977235 2.9772 0.2990 -0.2003 0.1150 -0.1142 -0.6551 9.8681139266899E13 0.019997732434425486
0 -0.9573 0.1549 0.2443 -0.2322 -0.9151 -0.3298 0.1724 -0.3724 0.9119 1.9513 -4.2139 10.3193 11.3161 -10.0200 -15.1800 -29.6400 3.8292 0.8167 0.0126 170.39154 2.9738934 2.9739 0.3816 -0.1869 0.1153 -0.0979 -0.5785 9.8681159264632E13 0.019997732434425486
0 -0.9541 0.2070 0.2165 -0.2739 -0.8955 -0.3509 0.1212 -0.3941 0.9111 1.1828 -3.8452 8.8899 9.7578 -10.0200 -15.1800 -29.6400 3.9838 1.0672 -0.1151 166.98077 2.9143639 2.9144 0.4050 -0.1323 0.1130 -0.0765 -0.4988 9.8681179262432E13 0.01999779943442359
0 -0.9576 0.1364 0.2538 -0.2142 -0.9261 -0.3104 0.1927 -0.3516 0.9161 1.4725 -2.6864 6.9985 7.6396 -10.0200 -15.1800 -29.6400 3.9899 1.0269 -0.1579 171.62006 2.9953349 2.9953 0.3593 -0.2074 0.1098 -0.0560 -0.4190 9.8681199259532E13 0.01999709943444339
0 -0.9498 0.0168 0.3125 -0.1137 -0.9489 -0.2945 0.2916 -0.3152 0.9031 1.7406 -1.8819 5.3919 5.9703 -10.0200 -15.1800 -29.6400 4.1609 0.8289 -0.0699 178.98566 3.1238894 3.1239 0.3207 -0.3123 0.1084 -0.0394 -0.3358 9.8681219257298E13 0.019997765434424553
1 -0.9561 0.0809 0.2818 -0.1431 -0.9677 -0.2075 0.2559 -0.2387 0.9368 1.1804 -1.1014 4.3217 4.6134 -13.1400 -11.7600 -31.0200 4.1609 0.8289 -0.0699 175.21936 3.0581543 3.0582 0.2411 -0.2666 0.1084 -0.0394 -0.3358 9.8681219257298E13 0.019997765434424553
0 -0.9254 0.2196 0.3087 -0.2795 -0.9459 -0.1647 0.2559 -0.2387 0.9368 1.1804 -1.1014 4.3217 4.6134 -13.1400 -11.7600 -31.0200 4.2239 0.6512 -0.0956 166.92719 2.913429 2.9134 0.2411 -0.2666 0.1065 -0.0264 -0.2513 9.8681239255131E13 0.019997832434422658
0 -0.9026 0.3511 0.2492 -0.3824 -0.9197 -0.0892 0.1979 -0.1758 0.9643 0.7925 -0.7039 3.8620 4.0048 -13.1400 -11.7600 -31.0200 3.9893 0.6347 -0.2862 159.10419 2.776892 2.7769 0.1767 -0.2024 0.1008 -0.0137 -0.1716 9.8681259252964E13 0.019997832434422658
0 -0.8687 0.4552 0.1954 -0.4736 -0.8788 -0.0580 0.1453 -0.1429 0.9790 0.4262 -0.4190 2.8707 2.9323 -13.1400 -11.7600 -31.0200 3.6374 0.7862 -0.4450 152.61804 2.6636872 2.6637 0.1434 -0.1474 0.0919 0.0020 -0.0988 9.8681279250797E13 0.019997832434422658
0 -0.7629 0.6415 0.0800 -0.6465 -0.7573 -0.0926 0.0012 -0.1223 0.9925 0.0024 -0.2538 2.0591 2.0747 -13.1400 -11.7600 -31.0200 3.2666 1.0049 -0.5238 139.73035 2.4387548 2.4388 0.1226 -0.0012 0.0814 0.0221 -0.0335 9.8681299248563E13 0.019997765434424553
0 -0.3071 0.9257 -0.2209 -0.9200 -0.3481 -0.1800 -0.2435 0.1479 0.9586 -0.3783 0.2299 1.4892 1.5536 -13.1400 -11.7600 -31.0200 2.4163 1.4276 -0.4493 110.60901 1.9304913 1.9305 -0.1485 0.2488 0.0724 0.0507 0.0148 9.8681319246396E13 0.019997832434422658
1 0.2428 0.8685 -0.4321 -0.9122 0.0529 -0.4063 -0.3300 0.4928 0.8051 -0.5339 0.7973 1.3025 1.6178 -14.5200 -12.6600 -29.2200 2.4163 1.4276 -0.4493 86.51645 1.5099967 1.5100 -0.5153 0.3890 0.0724 0.0507 0.0148 9.8681319246396E13 0.019997832434422658
0 0.1716 0.8700 -0.4622 -0.9282 -0.0144 -0.3717 -0.3300 0.4928 0.8051 -0.5339 0.7973 1.3025 1.6178 -14.5200 -12.6600 -29.2200 2.0351 1.3836 -0.3503 90.94757 1.5873348 1.5873 -0.5153 0.3890 0.0654 0.0783 0.0555 9.8681339244196E13 0.01999779943442359
0 0.6011 0.5799 -0.5499 -0.6970 0.0437 -0.7158 -0.3910 0.8135 0.4304 -0.5938 1.2354 0.6536 1.5186 -14.5200 -12.6600 -29.2200 1.7065 1.2449 -0.2483 85.68994 1.4955716 1.4956 -0.9502 0.7375 0.0605 0.1032 0.0896 9.8681359241829E13 0.019997632434428314
0 0.6983 0.4617 -0.5470 -0.5284 -0.1831 -0.8290 -0.4829 0.8679 0.1162 -0.8859 1.5922 0.2131 1.8345 -14.5200 -12.6600 -29.2200 1.3155 1.1686 -0.1689 111.62656 1.9482509 1.9483 -1.0510 1.3347 0.0571 0.1266 0.1159 9.8681379239395E13 0.01999756543443021
0 0.6892 0.4742 -0.5479 -0.4325 -0.3374 -0.8361 -0.5813 0.8132 -0.0275 -1.2666 1.7718 -0.0599 2.1787 -14.5200 -12.6600 -29.2200 0.8256 1.1387 -0.0980 125.438446 2.1893141 2.1893 -0.9496 1.6180 0.0551 0.1494 0.1325 9.8681399236961E13 0.01999756543443021
0 0.6892 0.4742 -0.5479 -0.4325 -0.3374 -0.8361 -0.5813 0.8132 -0.0275 -1.2666 1.7718 -0.0599 2.1787 -14.5200 -12.6600 -29.2200 0.3125 1.0880 0.0113 125.438446 2.1893141 2.1893 -0.9496 1.6180 0.0553 0.1711 0.1387 9.8681419234461E13 0.019997499434432076
1 0.5043 0.6723 -0.5419 -0.4854 -0.2983 -0.8218 -0.7142 0.6775 0.1759 -1.6329 1.5491 0.4022 2.2864 -11.5800 -18.4200 -25.6200 0.3125 1.0880 0.0113 113.92514 1.9883689 1.9884 -0.7444 1.3293 0.0553 0.1711 0.1387 9.8681419234461E13 0.019997499434432076
0 0.4349 0.6264 -0.6469 -0.5485 -0.3855 -0.7420 -0.7142 0.6775 0.1759 -1.6329 1.5491 0.4022 2.2864 -11.5800 -18.4200 -25.6200 -0.1450 1.0079 0.1573 121.609406 2.1224847 2.1225 -0.7444 1.3293 0.0585 0.1913 0.1358 9.8681439231894E13 0.01999743243443397
0 0.4322 0.6282 -0.6470 -0.4863 -0.4418 -0.7538 -0.7594 0.6404 0.1145 -1.6353 1.3791 0.2466 2.1533 -11.5800 -18.4200 -25.6200 -0.5311 0.9194 0.3589 125.121185 2.1837769 2.1838 -0.6951 1.4211 0.0657 0.2097 0.1252 9.8681459229394E13 0.019997499434432076
0 0.4676 0.6039 -0.6455 -0.5000 -0.4215 -0.7565 -0.7289 0.6765 0.1048 -1.4318 1.3288 0.2059 1.9642 -11.5800 -18.4200 -25.6200 -0.9147 0.7471 0.6106 124.91623 2.1801996 2.1802 -0.7430 1.4280 0.0779 0.2246 0.1069 9.8681479226894E13 0.019997499434432076
0 0.3622 0.6715 -0.6465 -0.7717 -0.1729 -0.6120 -0.5227 0.7206 0.4556 -1.0247 1.4126 0.8931 1.9604 -11.5800 -18.4200 -25.6200 -1.4022 0.4178 0.8470 104.44168 1.8228514 1.8229 -0.8046 0.8540 0.0948 0.2330 0.0789 9.8681499224327E13 0.01999743243443397
0 0.1414 0.7724 -0.6192 -0.9781 0.0124 -0.2079 -0.1529 0.6351 0.7572 -0.3448 1.4318 1.7071 2.2546 -11.5800 -18.4200 -25.6200 -1.9654 0.0470 0.9918 89.08118 1.5547596 1.5548 -0.6881 0.1993 0.1146 0.2339 0.0396 9.868151922176E13 0.01999743243443397
1 -0.2357 0.8364 -0.4948 -0.9686 -0.1608 0.1895 0.0790 0.5240 0.8481 0.2299 1.5252 2.4685 2.9107 -8.2800 -25.2600 -22.2600 -1.9654 0.0470 0.9918 100.88217 1.7607259 1.7607 -0.5515 -0.0928 0.1146 0.2339 0.0396 9.868151922176E13 0.01999743243443397
0 -0.8611 0.4645 -0.2068 -0.5023 -0.7139 0.4879 0.0790 0.5240 0.8481 0.2299 1.5252 2.4685 2.9107 -8.2800 -25.2600 -22.2600 -2.4590 -0.2950 1.0144 146.95016 2.5647643 2.5648 -0.5515 -0.0928 0.1349 0.2280 -0.0096 9.868153921926E13 0.019997499434432076
0 -0.9711 0.1826 0.1540 -0.0901 -0.8773 0.4714 0.2212 0.4439 0.8684 0.7087 1.4222 2.7821 3.2039 -8.2800 -25.2600 -22.2600 -2.8341 -0.5907 0.9026 168.24481 2.9364257 2.9364 -0.4599 -0.2494 0.1530 0.2162 -0.0663 9.8681559217093E13 0.019997832434422658
0 -0.9533 0.0498 0.2980 -0.0037 -0.9881 0.1535 0.3021 0.1452 0.9421 1.2953 0.6225 4.0391 4.2872 -8.2800 -25.2600 -22.2600 -3.1487 -0.8705 0.6686 177.11212 3.0911896 3.0912 -0.1457 -0.3103 0.1664 0.1988 -0.1293 9.8681579213826E13 0.019996732434453768
0 -0.9539 0.0522 0.2956 -0.0694 -0.9964 -0.0479 0.2920 -0.0662 0.9541 1.6999 -0.3855 5.5547 5.8218 -8.2800 -25.2600 -22.2600 -3.4437 -1.2419 0.3412 176.99951 3.0892239 3.0892 0.0663 -0.2970 0.1732 0.1739 -0.1981 9.8681599211326E13 0.019997499434432076
0 -0.9569 0.0639 0.2834 -0.0919 -0.9920 -0.0866 0.2756 -0.1089 0.9551 2.1884 -0.8643 7.5827 7.9393 -8.2800 -25.2600 -22.2600 -3.6337 -1.6249 0.0071 176.31555 3.0772867 3.0773 0.1091 -0.2810 0.1733 0.1414 -0.2708 9.8681619208859E13 0.019997532434431142
1 -0.9573 0.0656 0.2816 -0.1238 -0.9731 -0.1941 0.2613 -0.2207 0.9397 2.5547 -2.1572 9.1868 9.7764 -6.4200 -28.3800 -20.4000 -3.6337 -1.6249 0.0071 176.14221 3.0742614 3.0743 0.2225 -0.2712 0.1733 0.1414 -0.2708 9.8681619208859E13 0.019997532434431142
0 -0.9619 0.0217 0.2726 -0.0805 -0.9751 -0.2066 0.2613 -0.2207 0.9397 2.5547 -2.1572 9.1868 9.7764 -6.4200 -28.3800 -20.4000 -3.8420 -1.7251 -0.2281 178.72717 3.1193776 3.1194 0.2225 -0.2712 0.1688 0.1070 -0.3476 9.8681639206692E13 0.019997832434422658
0 -0.9696 0.0467 0.2401 -0.1029 -0.9685 -0.2269 0.2220 -0.2447 0.9439 2.5523 -2.8133 10.8532 11.4988 -6.4200 -28.3800 -20.4000 -4.1218 -1.3867 -0.4205 177.23749 3.093378 3.0934 0.2472 -0.2310 0.1603 0.0792 -0.4300 9.8681659204158E13 0.019997465434433037
0 -0.9730 0.0601 0.2226 -0.1087 -0.9710 -0.2128 0.2034 -0.2313 0.9514 2.8803 -3.2754 13.4726 14.1610 -6.4200 -28.3800 -20.4000 -4.1975 -1.1551 -0.6288 176.45923 3.0797942 3.0798 0.2334 -0.2106 0.1478 0.0561 -0.5140 9.8681679201691E13 0.019997532434431142
0 -0.9832 0.1310 0.1272 -0.1642 -0.9391 -0.3019 0.0799 -0.3177 0.9448 1.5922 -6.3281 18.8190 19.9182 -6.4200 -28.3800 -20.4000 -4.0931 -1.1454 -0.7614 172.06091 3.0030293 3.0030 0.3233 -0.0844 0.1325 0.0332 -0.5958 9.8681699199224E13 0.019997532434431142
0 -0.9800 0.1957 0.0362 -0.1963 -0.9213 -0.3356 -0.0323 -0.3360 0.9413 -0.8236 -8.5667 24.0026 25.4989 -6.4200 -28.3800 -20.4000 -4.2348 -0.9071 -0.9105 168.01001 2.9323277 2.9323 0.3426 0.0343 0.1143 0.0151 -0.6805 9.868171919669E13 0.019997465434433037
1 -0.9826 0.1212 0.1406 -0.1542 -0.9545 -0.2550 0.1033 -0.2723 0.9566 2.7319 -7.1996 25.2931 26.4393 -6.7200 -26.3400 -21.9600 -4.2348 -0.9071 -0.9105 172.76398 3.0153005 3.0153 0.2758 -0.1076 0.1143 0.0151 -0.6805 9.868171919669E13 0.019997465434433037
0 -0.9810 0.1309 0.1432 -0.1642 -0.9533 -0.2536 0.1033 -0.2723 0.9566 2.7319 -7.1996 25.2931 26.4393 -6.7200 -26.3400 -21.9600 -4.1328 -0.4740 -0.8310 172.18231 3.0051484 3.0051 0.2758 -0.1076 0.0977 0.0056 -0.7632 9.8681739194223E13 0.019997532434431142
0 -0.9807 0.1243 0.1510 -0.1561 -0.9627 -0.2212 0.1178 -0.2405 0.9635 3.3017 -6.7399 27.0026 28.0262 -6.7200 -26.3400 -21.9600 -3.0418 -0.3714 -0.2122 172.63965 3.0131304 3.0131 0.2429 -0.1217 0.0935 -0.0018 -0.8240 9.8681759191756E13 0.019997532434431142
0 -0.9813 0.1537 0.1160 -0.1811 -0.9410 -0.2859 0.0652 -0.3016 0.9512 2.1908 -10.1374 31.9731 33.6132 -6.7200 -26.3400 -21.9600 -0.7596 -1.9859 -0.6087 170.72461 2.979707 2.9797 0.3064 -0.0684 0.0813 -0.0415 -0.8392 9.8681779189289E13 0.019997532434431142
0 -0.9787 0.1940 0.0668 -0.2052 -0.9308 -0.3025 0.0034 -0.3098 0.9508 0.1245 -11.2076 34.4009 36.1808 -6.7200 -26.3400 -21.9600 0.1182 -2.1545 -0.6912 168.22455 2.9360723 2.9361 0.3149 -0.0036 0.0675 -0.0846 -0.8368 9.8681799187455E13 0.01999816543441324
0 -0.9811 0.1345 0.1389 -0.1649 -0.9572 -0.2379 0.1010 -0.2563 0.9613 2.9928 -7.5970 28.4967 29.6434 -6.7200 -26.3400 -21.9600 1.4114 -0.5675 0.1653 172.0011 3.001985 3.0020 0.2592 -0.1046 0.0708 -0.0960 -0.8086 9.8681819184955E13 0.019997499434432076
1 -0.9707 0.0523 0.2344 -0.0925 -0.9821 -0.1642 0.2216 -0.1811 0.9582 4.8197 -3.9386 20.8422 21.7517 -8.4600 -20.1600 -25.8000 1.4114 -0.5675 0.1653 176.95319 3.088416 3.0884 0.1821 -0.2273 0.0708 -0.0960 -0.8086 9.8681819184955E13 0.019997499434432076
0 -0.9656 0.0962 0.2415 -0.1359 -0.9788 -0.1535 0.2216 -0.1811 0.9582 4.8197 -3.9386 20.8422 21.7517 -8.4600 -20.1600 -25.8000 2.6087 1.4209 0.9826 174.3872 3.0436308 3.0436 0.1821 -0.2273 0.0904 -0.0676 -0.7564 9.8681839182488E13 0.019997532434431142
0 -0.9634 0.0746 0.2576 -0.1133 -0.9838 -0.1389 0.2431 -0.1630 0.9562 3.8739 -2.5978 15.2396 15.9374 -8.4600 -20.1600 -25.8000 3.3289 2.3897 0.9704 175.66394 3.065914 3.0659 0.1637 -0.2489 0.1098 -0.0198 -0.6899 9.8681859180054E13 0.01999756543443021
0 -0.9634 0.0746 0.2576 -0.1133 -0.9838 -0.1389 0.2431 -0.1630 0.9562 3.8739 -2.5978 15.2396 15.9374 -8.4600 -20.1600 -25.8000 3.6044 2.2071 0.5342 175.66394 3.065914 3.0659 0.1637 -0.2489 0.1205 0.0244 -0.6178 9.868187917762E13 0.01999756543443021
0 -0.9634 0.0746 0.2576 -0.1133 -0.9838 -0.1389 0.2431 -0.1630 0.9562 3.8739 -2.5978 15.2396 15.9374 -8.4600 -20.1600 -25.8000 3.5324 1.7184 0.2410 175.66394 3.065914 3.0659 0.1637 -0.2489 0.1253 0.0587 -0.5471 9.8681899175253E13 0.019997632434428314
0 -0.9634 0.0746 0.2576 -0.1133 -0.9838 -0.1389 0.2431 -0.1630 0.9562 3.8739 -2.5978 15.2396 15.9374 -8.4600 -20.1600 -25.8000 3.4352 1.4197 0.2025 175.66394 3.065914 3.0659 0.1637 -0.2489 0.1294 0.0871 -0.4784 9.8681919172886E13 0.019997632434428314
0 -0.9634 0.0746 0.2576 -0.1133 -0.9838 -0.1389 0.2431 -0.1630 0.9562 3.8739 -2.5978 15.2396 15.9374 -8.4600 -20.1600 -25.8000 3.5672 1.1545 0.2728 175.66394 3.065914 3.0659 0.1637 -0.2489 0.1349 0.1102 -0.4071 9.8681939170452E13 0.01999756543443021
1 -0.9634 0.0746 0.2576 -0.1133 -0.9838 -0.1389 0.2431 -0.1630 0.9562 3.8739 -2.5978 15.2396 15.9374 -11.1600 -14.5800 -29.1600 3.5672 1.1545 0.2728 175.66394 3.065914 3.0659 0.1637 -0.2489 0.1349 0.1102 -0.4071 9.8681939170452E13 0.01999756543443021
0 -0.9453 0.1812 0.2712 -0.2175 -0.9698 -0.1100 0.2431 -0.1630 0.9562 3.8739 -2.5978 15.2396 15.9374 -11.1600 -14.5800 -29.1600 3.9233 0.7324 0.2991 169.41742 2.9568913 2.9569 0.1637 -0.2489 0.1408 0.1248 -0.3287 9.8681959168085E13 0.019997632434428314
0 -0.9390 0.2530 0.2329 -0.2917 -0.9446 -0.1501 0.1820 -0.2089 0.9609 2.3488 -2.6960 12.3999 12.9052 -11.1600 -14.5800 -29.1600 4.3485 0.3403 0.2850 165.00629 2.8799028 2.8799 0.2105 -0.1872 0.1465 0.1317 -0.2417 9.8681979165718E13 0.019997632434428314
0 -0.8763 -0.2031 0.4369 -0.0857 -0.8267 -0.5561 0.4742 -0.5247 0.7070 1.1900 -1.3169 1.7742 2.5095 -11.1600 -14.5800 -29.1600 4.6399 0.0299 0.1928 193.8066 -2.9006221 -2.9006 0.5524 -0.5908 0.1504 0.1322 -0.1489 9.8681999163284E13 0.01999756543443021
0 -0.8763 -0.2031 0.4369 -0.0857 -0.8267 -0.5561 0.4742 -0.5247 0.7070 1.1900 -1.3169 1.7742 2.5095 -11.1600 -14.5800 -29.1600 4.6447 -0.2731 0.0260 193.8066 -2.9006221 -2.9006 0.5524 -0.5908 0.1509 0.1268 -0.0560 9.868201916085E13 0.01999756543443021
1 -0.8763 -0.2031 0.4369 -0.0857 -0.8267 -0.5561 0.4742 -0.5247 0.7070 1.1900 -1.3169 1.7742 2.5095 -12.0600 -12.6000 -30.6600 4.6447 -0.2731 0.0260 193.8066 -2.9006221 -2.9006 0.5524 -0.5908 0.1509 0.1268 -0.0560 9.868201916085E13 0.01999756543443021
0 -0.8770 -0.2109 0.4317 -0.0774 -0.8247 -0.5602 0.4742 -0.5247 0.7070 1.1900 -1.3169 1.7742 2.5095 -12.0600 -12.6000 -30.6600 4.2495 -0.3445 -0.1286 194.34737 -2.8911839 -2.8912 0.5524 -0.5908 0.1483 0.1199 0.0290 9.8682039158483E13 0.019997632434428314
0 -0.8770 -0.2109 0.4317 -0.0774 -0.8247 -0.5602 0.4742 -0.5247 0.7070 1.1900 -1.3169 1.7742 2.5095 -12.0600 -12.6000 -30.6600 3.4523 -0.0892 -0.1689 194.34737 -2.8911839 -2.8912 0.5524 -0.5908 0.1450 0.1181 0.0980 9.8682059156116E13 0.019997632434428314
0 -0.4933 -0.7191 0.4895 -0.4878 -0.2373 -0.8401 0.7202 -0.6532 -0.2337 0.9002 -0.8164 -0.2921 1.2499 -12.0600 -12.6000 -30.6600 2.3442 0.1283 -0.1255 251.7362 -1.8895597 -1.8896 0.7118 -1.8845 0.1424 0.1207 0.1449 9.8682079153782E13 0.01999766543442738
0 0.9361 -0.2112 -0.2814 -0.3280 -0.8131 -0.4809 -0.1273 0.5425 -0.8304 -0.2466 1.0511 -1.6090 1.9376 -12.0600 -12.6000 -30.6600 1.2050 0.3213 -0.1377 194.55785 -2.8875103 -2.8875 -0.5734 2.9895 0.1397 0.1271 0.1690 9.8682099151415E13 0.019997632434428314
0 0.9361 -0.2112 -0.2814 -0.3280 -0.8131 -0.4809 -0.1273 0.5425 -0.8304 -0.2466 1.0511 -1.6090 1.9376 -12.0600 -12.6000 -30.6600 0.3559 0.5296 -0.2220 194.55785 -2.8875103 -2.8875 -0.5734 2.9895 0.1353 0.1377 0.1761 9.8682119149048E13 0.019997632434428314
1 0.9361 -0.2112 -0.2814 -0.3280 -0.8131 -0.4809 -0.1273 0.5425 -0.8304 -0.2466 1.0511 -1.6090 1.9376 -11.2800 -15.9600 -28.0200 0.3559 0.5296 -0.2220 194.55785 -2.8875103 -2.8875 -0.5734 2.9895 0.1353 0.1377 0.1761 9.8682119149048E13 0.019997632434428314
0 0.9434 -0.1923 -0.2702 -0.3063 -0.8178 -0.4873 -0.1273 0.5425 -0.8304 -0.2466 1.0511 -1.6090 1.9376 -11.2800 -15.9600 -28.0200 -0.4108 0.4930 -0.1609 193.23424 -2.9106116 -2.9106 -0.5734 2.9895 0.1320 0.1476 0.1679 9.8682139146681E13 0.019997632434428314
0 0.9434 -0.1923 -0.2702 -0.3063 -0.8178 -0.4873 -0.1273 0.5425 -0.8304 -0.2466 1.0511 -1.6090 1.9376 -11.2800 -15.9600 -28.0200 -1.1163 0.4691 -0.0754 193.23424 -2.9106116 -2.9106 -0.5734 2.9895 0.1305 0.1569 0.1455 9.8682159143914E13 0.019997232434439627
0 0.9205 0.0330 -0.3894 -0.1758 -0.8549 -0.4880 -0.3490 0.5177 -0.7812 -1.0750 1.5946 -2.4062 3.0803 -11.2800 -15.9600 -28.0200 -1.7797 0.4325 -0.0510 177.78857 3.1029963 3.1030 -0.5441 2.7214 0.1295 0.1656 0.1100 9.8682179142247E13 0.019998332434408517
0 0.9137 0.0600 -0.4020 -0.0087 -0.9860 -0.1668 -0.4063 0.1559 -0.9003 -0.6991 0.2682 -1.5491 1.7206 -11.2800 -15.9600 -28.0200 -2.4376 0.3195 -0.0656 176.51953 3.0808475 3.0808 -0.1565 2.7176 0.1282 0.1720 0.0612 9.868219913988E13 0.019997632434428314
0 0.9137 0.0600 -0.4020 -0.0087 -0.9860 -0.1668 -0.4063 0.1559 -0.9003 -0.6991 0.2682 -1.5491 1.7206 -11.2800 -15.9600 -28.0200 -3.0900 0.0403 -0.1041 176.51953 3.0808475 3.0808 -0.1565 2.7176 0.1261 0.1728 -0.0006 9.8682219137413E13 0.019997532434431142
1 0.9137 0.0600 -0.4020 -0.0087 -0.9860 -0.1668 -0.4063 0.1559 -0.9003 -0.6991 0.2682 -1.5491 1.7206 -10.0200 -22.1400 -24.3600 -3.0900 0.0403 -0.1041 176.51953 3.0808475 3.0808 -0.1565 2.7176 0.1261 0.1728 -0.0006 9.8682219137413E13 0.019997532434431142
0 0.9131 0.0337 -0.4063 -0.0329 -0.9872 -0.1560 -0.4063 0.1559 -0.9003 -0.6991 0.2682 -1.5491 1.7206 -10.0200 -22.1400 -24.3600 -3.6032 -0.3647 -0.1793 178.0423 3.1074243 3.1074 -0.1565 2.7176 0.1225 0.1655 -0.0726 9.8682239135046E13 0.019997632434428314
0 0.9131 0.0337 -0.4063 -0.0329 -0.9872 -0.1560 -0.4063 0.1559 -0.9003 -0.6991 0.2682 -1.5491 1.7206 -10.0200 -22.1400 -24.3600 -4.0143 -0.8204 -0.2202 178.0423 3.1074243 3.1074 -0.1565 2.7176 0.1181 0.1491 -0.1529 9.8682259132679E13 0.019997632434428314
0 0.9131 0.0337 -0.4063 -0.0329 -0.9872 -0.1560 -0.4063 0.1559 -0.9003 -0.3567 -0.4932 -0.6824 0.9144 -10.0200 -22.1400 -24.3600 -4.1725 -0.9701 -0.1066 178.0423 3.1074243 3.1074 -0.1565 2.7176 0.1160 0.1297 -0.2364 9.8682279130312E13 0.019997632434428314
0 -0.9213 -0.0108 0.3888 -0.2760 -0.6862 -0.6731 0.2740 -0.7274 0.6292 1.4964 -3.9721 3.4358 5.4609 -10.0200 -22.1400 -24.3600 -4.4681 -1.0849 -0.0223 180.90186 -3.1258523 -3.1259 0.8145 -0.4108 0.1156 0.1080 -0.3257 9.8682299127878E13 0.01999756543443021
0 -0.9213 -0.0108 0.3888 -0.2760 -0.6862 -0.6731 0.2740 -0.7274 0.6292 1.4964 -3.9721 3.4358 5.4609 -10.0200 -22.1400 -24.3600 -4.7565 -1.4129 -0.1322 180.90186 -3.1258523 -3.1259 0.8145 -0.4108 0.1129 0.0797 -0.4208 9.8682319125511E13 0.019997632434428314
1 -0.9213 -0.0108 0.3888 -0.2760 -0.6862 -0.6731 0.2740 -0.7274 0.6292 1.4964 -3.9721 3.4358 5.4609 -8.7600 -25.5000 -23.2200 -4.7565 -1.4129 -0.1322 180.90186 -3.1258523 -3.1259 0.8145 -0.4108 0.1129 0.0797 -0.4208 9.8682319125511E13 0.019997632434428314
0 -0.9264 -0.0239 0.3758 -0.2583 -0.6858 -0.6804 0.2740 -0.7274 0.6292 1.4964 -3.9721 3.4358 5.4609 -8.7600 -25.5000 -23.2200 -4.9379 -2.2150 -0.2385 182.0 -3.106686 -3.1067 0.8145 -0.4108 0.1081 0.0354 -0.5196 9.8682339123144E13 0.019997632434428314
0 -0.9264 -0.0239 0.3758 -0.2583 -0.6858 -0.6804 0.2740 -0.7274 0.6292 1.4964 -3.9721 3.4358 5.4609 -8.7600 -25.5000 -23.2200 -5.0503 -3.2015 -0.4920 182.0 -3.106686 -3.1067 0.8145 -0.4108 0.0983 -0.0286 -0.6206 9.868235912071E13 0.01999756543443021
0 -0.9027 -0.0755 0.4235 -0.2344 -0.7392 -0.6314 0.3608 -0.6692 0.6496 2.5571 -4.7431 4.6042 7.0876 -8.7600 -25.5000 -23.2200 -4.8683 -3.7660 -0.9703 185.83537 -3.0397463 -3.0397 0.7331 -0.5070 0.0789 -0.1039 -0.7179 9.8682379118276E13 0.01999756543443021
0 -0.9657 0.1242 0.2279 -0.2036 -0.9070 -0.3686 0.1610 -0.4024 0.9012 5.9689 -14.9211 33.4217 37.0847 -8.7600 -25.5000 -23.2200 -4.1609 -3.1570 -1.0381 172.2024 3.0054984 3.0055 0.4141 -0.1767 0.0581 -0.1670 -0.8011 9.8682399115909E13 0.019997632434428314
0 -0.9657 0.1242 0.2279 -0.2036 -0.9070 -0.3686 0.1610 -0.4024 0.9012 5.9689 -14.9211 33.4217 37.0847 -8.7600 -25.5000 -23.2200 -2.8292 -1.3787 -0.2306 172.2024 3.0054984 3.0055 0.4141 -0.1767 0.0535 -0.1946 -0.8577 9.8682419113542E13 0.019997632434428314
1 -0.9657 0.1242 0.2279 -0.2036 -0.9070 -0.3686 0.1610 -0.4024 0.9012 5.9689 -14.9211 33.4217 37.0847 -10.3800 -23.0400 -24.1800 -2.8292 -1.3787 -0.2306 172.2024 3.0054984 3.0055 0.4141 -0.1767 0.0535 -0.1946 -0.8577 9.8682419113542E13 0.019997632434428314
0 -0.9539 0.1709 0.2467 -0.2533 -0.8994 -0.3563 0.1610 -0.4024 0.9012 5.9689 -14.9211 33.4217 37.0847 -10.3800 -23.0400 -24.1800 -1.1676 0.1155 0.5770 169.24146 2.9538202 2.9538 0.4141 -0.1767 0.0651 -0.1923 -0.8811 9.8682439111075E13 0.019997532434431142
0 -0.9539 0.1709 0.2467 -0.2533 -0.8994 -0.3563 0.1610 -0.4024 0.9012 5.9689 -14.9211 33.4217 37.0847 -10.3800 -23.0400 -24.1800 0.3711 0.9890 0.6442 169.24146 2.9538202 2.9538 0.4141 -0.1767 0.0779 -0.1725 -0.8736 9.8682459108575E13 0.019997499434432076
0 -0.9539 0.2386 0.1821 -0.2887 -0.8953 -0.3393 0.0821 -0.3762 0.9229 3.3879 -15.5269 38.0881 41.2707 -10.3800 -23.0400 -24.1800 1.5904 1.6542 0.6925 165.07611 2.881122 2.8811 0.3857 -0.0887 0.0918 -0.1394 -0.8418 9.8682479106075E13 0.019997499434432076
0 -0.9549 0.1947 0.2244 -0.2458 -0.9419 -0.2288 0.1669 -0.2736 0.9473 3.4621 -5.6768 19.6546 20.7489 -10.3800 -23.0400 -24.1800 2.3387 1.9090 0.9496 168.32379 2.9378047 2.9378 0.2771 -0.1744 0.1108 -0.1013 -0.7951 9.8682499103041E13 0.019996965434447178
0 -0.9549 0.1947 0.2244 -0.2458 -0.9419 -0.2288 0.1669 -0.2736 0.9473 3.4621 -5.6768 19.6546 20.7489 -10.3800 -23.0400 -24.1800 2.7327 1.4612 0.9887 168.32379 2.9378047 2.9378 0.2771 -0.1744 0.1306 -0.0720 -0.7404 9.8682519100474E13 0.01999743243443397
1 -0.9549 0.1947 0.2244 -0.2458 -0.9419 -0.2288 0.1669 -0.2736 0.9473 3.4621 -5.6768 19.6546 20.7489 -13.1400 -16.0800 -27.4800 2.7327 1.4612 0.9887 168.32379 2.9378047 2.9378 0.2771 -0.1744 0.1306 -0.0720 -0.7404 9.8682519100474E13 0.01999743243443397
0 -0.9146 0.3160 0.2524 -0.3684 -0.9084 -0.1975 0.1669 -0.2736 0.9473 3.4621 -5.6768 19.6546 20.7489 -13.1400 -16.0800 -27.4800 3.0779 0.8937 0.7584 160.81757 2.8067956 2.8068 0.2771 -0.1744 0.1457 -0.0542 -0.6789 9.8682539097974E13 0.019997499434432076
0 -0.9146 0.3160 0.2524 -0.3684 -0.9084 -0.1975 0.1669 -0.2736 0.9473 3.4621 -5.6768 19.6546 20.7489 -13.1400 -16.0800 -27.4800 3.4126 0.7868 0.4921 160.81757 2.8067956 2.8068 0.2771 -0.1744 0.1556 -0.0384 -0.6106 9.8682559095474E13 0.019997499434432076
0 -0.9209 0.2671 0.2840 -0.3184 -0.9356 -0.1524 0.2251 -0.2308 0.9466 4.0511 -4.1541 17.0401 18.0009 -13.1400 -16.0800 -27.4800 3.5849 1.0739 0.2722 164.06793 2.863526 2.8635 0.2329 -0.2334 0.1610 -0.0170 -0.5389 9.8682579092207E13 0.019996732434453768
0 -0.9234 0.2321 0.3058 -0.3035 -0.9291 -0.2114 0.2350 -0.2880 0.9283 2.6960 -3.3041 10.6497 11.4718 -13.1400 -16.0800 -27.4800 3.5024 1.4661 0.1445 165.97638 2.896834 2.8968 0.2922 -0.2479 0.1639 0.0124 -0.4689 9.8682599089707E13 0.019997499434432076
0 -0.9234 0.2321 0.3058 -0.3035 -0.9291 -0.2114 0.2350 -0.2880 0.9283 2.6960 -3.3041 10.6497 11.4718 -13.1400 -16.0800 -27.4800 3.2831 1.5681 0.0730 165.97638 2.896834 2.8968 0.2922 -0.2479 0.1654 0.0437 -0.4032 9.8682619087207E13 0.019997499434432076
1 -0.9234 0.2321 0.3058 -0.3035 -0.9291 -0.2114 0.2350 -0.2880 0.9283 2.6960 -3.3041 10.6497 11.4718 -15.2400 -10.8600 -30.3600 3.2831 1.5681 0.0730 165.97638 2.896834 2.8968 0.2922 -0.2479 0.1654 0.0437 -0.4032 9.8682619087207E13 0.019997499434432076
0 -0.8857 0.3299 0.3266 -0.4004 -0.8990 -0.1776 0.2350 -0.2880 0.9283 2.6960 -3.3041 10.6497 11.4718 -15.2400 -10.8600 -30.3600 3.2251 1.2706 0.0254 159.84595 2.789838 2.7898 0.2922 -0.2479 0.1659 0.0691 -0.3387 9.8682639084707E13 0.019997499434432076
0 -0.8857 0.3299 0.3266 -0.4004 -0.8990 -0.1776 0.2350 -0.2880 0.9283 2.6960 -3.3041 10.6497 11.4718 -15.2400 -10.8600 -30.3600 3.4071 0.7844 -0.0064 159.84595 2.789838 2.7898 0.2922 -0.2479 0.1657 0.0848 -0.2706 9.8682659082173E13 0.019997465434433037
0 -0.8857 0.3298 0.3267 -0.4149 -0.8780 -0.2388 0.2081 -0.3470 0.9145 1.8891 -3.1509 8.3033 9.0798 -15.2400 -10.8600 -30.3600 3.5770 0.3158 -0.0943 159.41272 2.7822773 2.7823 0.3544 -0.2237 0.1638 0.0911 -0.1991 9.8682679079606E13 0.01999743243443397
0 -0.8960 0.2686 0.3537 -0.2966 -0.9546 -0.0263 0.3306 -0.1284 0.9350 1.2570 -0.4884 3.5555 3.8027 -15.2400 -10.8600 -30.3600 3.4951 0.0397 -0.2422 164.2832 2.8672824 2.8673 0.1288 -0.3398 0.1590 0.0919 -0.1292 9.8682699077139E13 0.019997532434431142
0 -0.8960 0.2686 0.3537 -0.2966 -0.9546 -0.0263 0.3306 -0.1284 0.9350 1.2570 -0.4884 3.5555 3.8027 -15.2400 -10.8600 -30.3600 2.7999 0.3714 -0.6392 164.2832 2.8672824 2.8673 0.1288 -0.3398 0.1462 0.0993 -0.0732 9.8682719074605E13 0.019997465434433037
1 -0.8960 0.2686 0.3537 -0.2966 -0.9546 -0.0263 0.3306 -0.1284 0.9350 1.2570 -0.4884 3.5555 3.8027 -15.6000 -10.2600 -30.8400 2.7999 0.3714 -0.6392 164.2832 2.8672824 2.8673 0.1288 -0.3398 0.1462 0.0993 -0.0732 9.8682719074605E13 0.019997465434433037
0 -0.8897 0.2883 0.3541 -0.3150 -0.9489 -0.0190 0.3306 -0.1284 0.9350 1.2570 -0.4884 3.5555 3.8027 -15.6000 -10.2600 -30.8400 2.3974 0.7282 -0.6771 163.10236 2.8466728 2.8467 0.1288 -0.3398 0.1327 0.1139 -0.0253 9.8682739072071E13 0.019997465434433037
0 -0.8897 0.2883 0.3541 -0.3150 -0.9489 -0.0190 0.3306 -0.1284 0.9350 1.2570 -0.4884 3.5555 3.8027 -15.6000 -10.2600 -30.8400 1.9649 0.9047 -0.5555 163.10236 2.8466728 2.8467 0.1288 -0.3398 0.1216 0.1320 0.0140 9.8682759069604E13 0.019997532434431142
0 -0.8119 0.5355 0.2325 -0.5341 -0.8421 0.0744 0.2357 -0.0638 0.9697 0.8141 -0.2203 3.3496 3.4541 -15.6000 -10.2600 -30.8400 1.4866 0.8375 -0.4224 147.54779 2.5751946 2.5752 0.0638 -0.2384 0.1131 0.1487 0.0438 9.8682779067137E13 0.019997532434431142
0 0.0768 0.9338 -0.3495 -0.8885 -0.0949 -0.4489 -0.4524 0.3450 0.8224 -1.1708 0.8931 2.1285 2.5882 -15.6000 -10.2600 -30.8400 1.0975 0.7666 -0.2678 95.80411 1.6720972 1.6721 -0.3523 0.5029 0.1078 0.1641 0.0657 9.8682799064603E13 0.019997465434433037
0 0.0768 0.9338 -0.3495 -0.8885 -0.0949 -0.4489 -0.4524 0.3450 0.8224 -1.1708 0.8931 2.1285 2.5882 -15.6000 -10.2600 -30.8400 0.8116 0.7905 -0.0846 95.80411 1.6720972 1.6721 -0.3523 0.5029 0.1061 0.1799 0.0819 9.8682819062136E13 0.019997532434431142
1 0.0768 0.9338 -0.3495 -0.8885 -0.0949 -0.4489 -0.4524 0.3450 0.8224 -1.1708 0.8931 2.1285 2.5882 -13.6800 -15.0000 -28.0800 0.8116 0.7905 -0.0846 95.80411 1.6720972 1.6721 -0.3523 0.5029 0.1061 0.1799 0.0819 9.8682819062136E13 0.019997532434431142
0 -0.0991 0.8970 -0.4309 -0.8863 -0.2764 -0.3715 -0.4524 0.3450 0.8224 -1.1708 0.8931 2.1285 2.5882 -13.6800 -15.0000 -28.0800 0.5605 0.7978 0.0663 107.1275 1.8697276 1.8697 -0.3523 0.5029 0.1074 0.1958 0.0932 9.8682839059636E13 0.019997499434432076
0 -0.0991 0.8970 -0.4309 -0.8863 -0.2764 -0.3715 -0.4524 0.3450 0.8224 -1.1708 0.8931 2.1285 2.5882 -13.6800 -15.0000 -28.0800 0.3217 0.6090 0.1689 107.1275 1.8697276 1.8697 -0.3523 0.5029 0.1108 0.2080 0.0996 9.8682859057069E13 0.01999743243443397
0 0.0433 0.8723 -0.4871 -0.9023 -0.1752 -0.3940 -0.4290 0.4565 0.7795 -1.3073 1.3911 2.3751 3.0472 -13.6800 -15.0000 -28.0800 0.1573 0.2602 0.2539 101.35736 1.7690195 1.7690 -0.4741 0.5032 0.1159 0.2132 0.1027 9.8682879054535E13 0.019997465434433037
0 0.4056 0.7093 -0.5765 -0.8574 0.0766 -0.5089 -0.3168 0.7007 0.6392 -1.2091 2.6744 2.4398 3.8167 -13.6800 -15.0000 -28.0800 0.0504 -0.0574 0.3357 83.83261 1.4631553 1.4632 -0.7764 0.4601 0.1226 0.2121 0.1037 9.8682899052168E13 0.019997632434428314
0 0.4056 0.7093 -0.5765 -0.8574 0.0766 -0.5089 -0.3168 0.7007 0.6392 -1.2091 2.6744 2.4398 3.8167 -13.6800 -15.0000 -28.0800 -0.1365 -0.2101 0.3724 83.83261 1.4631553 1.4632 -0.7764 0.4601 0.1299 0.2079 0.1011 9.8682918701411E13 0.019649242444281456
1 0.4056 0.7093 -0.5765 -0.8574 0.0766 -0.5089 -0.3168 0.7007 0.6392 -1.2091 2.6744 2.4398 3.8167 -10.0800 -21.7800 -24.6600 -0.1365 -0.2101 0.3724 83.83261 1.4631553 1.4632 -0.7764 0.4601 0.1299 0.2079 0.1011 9.8682918701411E13 0.019649242444281456
0 0.1659 0.7045 -0.6900 -0.9339 -0.1126 -0.3394 -0.3168 0.7007 0.6392 -1.2091 2.6744 2.4398 3.8167 -10.0800 -21.7800 -24.6600 -0.5012 -0.1851 0.3638 99.076904 1.7292184 1.7292 -0.7764 0.4601 0.1372 0.2042 0.0910 9.8682938699111E13 0.01999769943442642
0 0.1659 0.7045 -0.6900 -0.9339 -0.1126 -0.3394 -0.3168 0.7007 0.6392 -1.2091 2.6744 2.4398 3.8167 -10.0800 -21.7800 -24.6600 -1.0290 -0.1906 0.3162 99.076904 1.7292184 1.7292 -0.7764 0.4601 0.1435 0.2004 0.0705 9.8682958696944E13 0.019997832434422658
0 0.3279 0.6375 -0.6971 -0.9180 0.0408 -0.3945 -0.2231 0.7693 0.5986 -0.9074 3.1293 2.4350 4.0676 -10.0800 -21.7800 -24.6600 -1.5879 -0.4673 0.1830 86.339325 1.5069053 1.5069 -0.8778 0.3567 0.1471 0.1911 0.0387 9.8682978694777E13 0.019997832434422658
0 -0.5758 0.7152 -0.3963 -0.8151 -0.5400 0.2097 -0.0640 0.4438 0.8938 -0.2921 2.0256 4.0798 4.5644 -10.0800 -21.7800 -24.6600 -1.9355 -0.9157 0.0657 127.056366 2.2175517 2.2176 -0.4598 0.0715 0.1485 0.1728 -0.0000 9.8682998692543E13 0.019997765434424553
0 -0.5758 0.7152 -0.3963 -0.8151 -0.5400 0.2097 -0.0640 0.4438 0.8938 -0.2921 2.0256 4.0798 4.5644 -10.0800 -21.7800 -24.6600 -2.0119 -1.3378 0.0559 127.056366 2.2175517 2.2176 -0.4598 0.0715 0.1496 0.1460 -0.0402 9.8683018690309E13 0.019997765434424553
1 -0.5758 0.7152 -0.3963 -0.8151 -0.5400 0.2097 -0.0640 0.4438 0.8938 -0.2921 2.0256 4.0798 4.5644 -7.8000 -26.4600 -21.9600 -2.0119 -1.3378 0.0559 127.056366 2.2175517 2.2176 -0.4598 0.0715 0.1496 0.1460 -0.0402 9.8683018690309E13 0.019997765434424553
0 -0.8164 0.4918 -0.3026 -0.5739 -0.7491 0.3308 -0.0640 0.4438 0.8938 -0.2921 2.0256 4.0798 4.5644 -7.8000 -26.4600 -21.9600 -1.9673 -1.5510 0.0834 146.71304 2.5606256 2.5606 -0.4598 0.0715 0.1512 0.1150 -0.0796 9.8683038688142E13 0.019997832434422658
0 -0.8164 0.4918 -0.3026 -0.5739 -0.7491 0.3308 -0.0640 0.4438 0.8938 -0.2921 2.0256 4.0798 4.5644 -7.8000 -26.4600 -21.9600 -1.8634 -1.6658 0.0376 146.71304 2.5606256 2.5606 -0.4598 0.0715 0.1520 0.0817 -0.1168 9.8683058685975E13 0.019997832434422658
0 -0.9423 0.3289 -0.0616 -0.3335 -0.9076 0.2551 0.0280 0.2609 0.9650 0.1556 1.4509 5.3656 5.5605 -7.8000 -26.4600 -21.9600 -1.7083 -1.7257 0.0010 160.0788 2.793902 2.7939 -0.2640 -0.0290 0.1520 0.0472 -0.1510 9.8683078683741E13 0.019997765434424553
0 -0.9728 0.2150 0.0864 -0.2172 -0.9760 -0.0166 0.0808 -0.0349 0.9961 0.6153 -0.2658 7.5875 7.6170 -7.8000 -26.4600 -21.9600 -1.5201 -1.5437 0.1152 167.57477 2.9247313 2.9247 0.0349 -0.0809 0.1543 0.0163 -0.1814 9.8683098682041E13 0.01999829943440945
0 -0.9728 0.2150 0.0864 -0.2172 -0.9760 -0.0166 0.0808 -0.0349 0.9961 0.6153 -0.2658 7.5875 7.6170 -7.8000 -26.4600 -21.9600 -1.4102 -1.2993 0.3577 167.57477 2.9247313 2.9247 0.0349 -0.0809 0.1615 -0.0097 -0.2096 9.8683118679874E13 0.019997832434422658
1 -0.9728 0.2150 0.0864 -0.2172 -0.9760 -0.0166 0.0808 -0.0349 0.9961 0.6153 -0.2658 7.5875 7.6170 -7.7400 -27.2400 -21.0600 -1.4102 -1.2993 0.3577 167.57477 2.9247313 2.9247 0.0349 -0.0809 0.1615 -0.0097 -0.2096 9.8683118679874E13 0.019997832434422658
0 -0.9739 0.2100 0.0863 -0.2122 -0.9771 -0.0170 0.0808 -0.0349 0.9961 0.6153 -0.2658 7.5875 7.6170 -7.7400 -27.2400 -21.0600 -1.6985 -0.7758 0.5562 167.8717 2.9299142 2.9299 0.0349 -0.0809 0.1726 -0.0252 -0.2436 9.8683138677707E13 0.019997832434422658
0 -0.9739 0.2100 0.0863 -0.2122 -0.9771 -0.0170 0.0808 -0.0349 0.9961 0.6153 -0.2658 7.5875 7.6170 -7.7400 -27.2400 -21.0600 -2.3582 -0.0874 0.5220 167.8717 2.9299142 2.9299 0.0349 -0.0809 0.1830 -0.0269 -0.2907 9.8683158675473E13 0.019997765434424553
0 -0.9739 0.1364 0.1815 -0.1290 -0.9903 0.0518 0.1868 0.0270 0.9820 1.3264 0.1915 6.9721 7.0998 -7.7400 -27.2400 -21.0600 -2.6215 0.0489 0.1549 172.15912 3.0047436 3.0047 -0.0270 -0.1880 0.1861 -0.0260 -0.3432 9.8683178674006E13 0.01999853243440286
0 -0.9649 0.0808 0.2500 -0.0938 -0.9948 -0.0402 0.2455 -0.0622 0.9674 2.5044 -0.6345 9.8692 10.2018 -7.7400 -27.2400 -21.0600 -2.2782 -0.3580 -0.0534 175.354 3.0605044 3.0605 0.0622 -0.2485 0.1851 -0.0331 -0.3887 9.8683198671839E13 0.019997832434422658
0 -0.9649 0.0808 0.2500 -0.0938 -0.9948 -0.0402 0.2455 -0.0622 0.9674 2.5044 -0.6345 9.8692 10.2018 -7.7400 -27.2400 -21.0600 -2.1316 -0.5754 -0.3063 175.354 3.0605044 3.0605 0.0622 -0.2485 0.1789 -0.0446 -0.4313 9.8683218669605E13 0.019997765434424553
1 -0.9649 0.0808 0.2500 -0.0938 -0.9948 -0.0402 0.2455 -0.0622 0.9674 2.5044 -0.6345 9.8692 10.2018 -8.8800 -24.9000 -22.2000 -2.1316 -0.5754 -0.3063 175.354 3.0605044 3.0605 0.0622 -0.2485 0.1789 -0.0446 -0.4313 9.8683218669605E13 0.019997765434424553
0 -0.9606 0.1185 0.2514 -0.1302 -0.9910 -0.0307 0.2455 -0.0622 0.9674 2.5044 -0.6345 9.8692 10.2018 -8.8800 -24.9000 -22.2000 -2.2379 -0.8528 -0.4859 173.18365 3.0226252 3.0226 0.0622 -0.2485 0.1692 -0.0617 -0.4761 9.8683238667371E13 0.019997765434424553
0 -0.9606 0.1185 0.2514 -0.1302 -0.9910 -0.0307 0.2455 -0.0622 0.9674 2.5044 -0.6345 9.8692 10.2018 -8.8800 -24.9000 -22.2000 -2.4731 -1.1411 -0.3491 173.18365 3.0226252 3.0226 0.0622 -0.2485 0.1622 -0.0845 -0.5255 9.8683258665171E13 0.01999779943442359
0 -0.9595 0.1116 0.2586 -0.1371 -0.9871 -0.0825 0.2460 -0.1146 0.9625 2.8731 -1.3384 11.2387 11.6771 -8.8800 -24.9000 -22.2000 -2.6960 -0.7996 -0.0601 173.54755 3.0289762 3.0290 0.1149 -0.2503 0.1610 -0.1005 -0.5795 9.8683278662971E13 0.01999779943442359
0 -0.9644 0.1495 0.2181 -0.1870 -0.9687 -0.1632 0.1869 -0.1982 0.9622 3.6944 -3.9170 19.0177 19.7653 -8.8800 -24.9000 -22.2000 -2.6734 -0.4905 -0.1395 171.22925 2.9885137 2.9885 0.1995 -0.1919 0.1582 -0.1103 -0.6329 9.8683298660704E13 0.019997732434425486
0 -0.9644 0.1495 0.2181 -0.1870 -0.9687 -0.1632 0.1869 -0.1982 0.9622 3.6944 -3.9170 19.0177 19.7653 -8.8800 -24.9000 -22.2000 -1.9972 -0.7935 -0.4150 171.22925 2.9885137 2.9885 0.1995 -0.1919 0.1499 -0.1262 -0.6729 9.8683318658504E13 0.01999779943442359
1 -0.9644 0.1495 0.2181 -0.1870 -0.9687 -0.1632 0.1869 -0.1982 0.9622 3.6944 -3.9170 19.0177 19.7653 -11.5200 -20.6400 -25.1400 -1.9972 -0.7935 -0.4150 171.22925 2.9885137 2.9885 0.1995 -0.1919 0.1499 -0.1262 -0.6729 9.8683318658504E13 0.01999779943442359
0 -0.9419 0.2421 0.2328 -0.2791 -0.9498 -0.1414 0.1869 -0.1982 0.9622 3.6944 -3.9170 19.0177 19.7653 -11.5200 -20.6400 -25.1400 -0.8164 -0.8265 -0.2324 165.69958 2.8920028 2.8920 0.1995 -0.1919 0.1453 -0.1427 -0.6892 9.8683338656304E13 0.01999779943442359
0 -0.9419 0.2421 0.2328 -0.2791 -0.9498 -0.1414 0.1869 -0.1982 0.9622 3.6944 -3.9170 19.0177 19.7653 -11.5200 -20.6400 -25.1400 0.0938 -0.1998 0.1946 165.69958 2.8920028 2.8920 0.1995 -0.1919 0.1492 -0.1467 -0.6873 9.8683358654037E13 0.019997732434425486
0 -0.9363 0.2997 0.1830 -0.3333 -0.9225 -0.1945 0.1105 -0.2431 0.9637 2.5882 -5.6960 22.5780 23.4288 -11.5200 -20.6400 -25.1400 0.3162 0.4496 0.3846 161.9997 2.8274286 2.8274 0.2456 -0.1141 0.1569 -0.1377 -0.6810 9.8683378651803E13 0.019997765434424553
0 -0.9340 0.3144 0.1699 -0.3337 -0.9373 -0.1003 0.1277 -0.1504 0.9803 2.5762 -3.0335 19.7767 20.1732 -11.5200 -20.6400 -25.1400 0.4102 1.0256 0.3870 161.45917 2.8179944 2.8180 0.1509 -0.1295 0.1646 -0.1172 -0.6728 9.8683398648936E13 0.019997132434442455
0 -0.9340 0.3144 0.1699 -0.3337 -0.9373 -0.1003 0.1277 -0.1504 0.9803 2.5762 -3.0335 19.7767 20.1732 -11.5200 -20.6400 -25.1400 0.8183 1.2755 0.3925 161.45917 2.8179944 2.8180 0.1509 -0.1295 0.1725 -0.0917 -0.6564 9.8683418646769E13 0.019997832434422658
1 -0.9340 0.3144 0.1699 -0.3337 -0.9373 -0.1003 0.1277 -0.1504 0.9803 2.5762 -3.0335 19.7767 20.1732 -14.2200 -15.7200 -28.0200 0.8183 1.2755 0.3925 161.45917 2.8179944 2.8180 0.1509 -0.1295 0.1725 -0.0917 -0.6564 9.8683418646769E13 0.019997832434422658
0 -0.8693 0.4590 0.1836 -0.4776 -0.8756 -0.0721 0.1277 -0.1504 0.9803 2.5762 -3.0335 19.7767 20.1732 -14.2200 -15.7200 -28.0200 1.3131 1.0256 0.4554 152.33728 2.6587868 2.6588 0.1509 -0.1295 0.1816 -0.0712 -0.6302 9.8683438644535E13 0.019997765434424553
0 -0.8693 0.4590 0.1836 -0.4776 -0.8756 -0.0721 0.1277 -0.1504 0.9803 2.5762 -3.0335 19.7767 20.1732 -14.2200 -15.7200 -28.0200 1.6295 0.5406 0.3950 152.33728 2.6587868 2.6588 0.1509 -0.1295 0.1895 -0.0604 -0.5976 9.8683458642368E13 0.019997832434422658
0 -0.8662 0.4672 0.1774 -0.4863 -0.8697 -0.0839 0.1151 -0.1589 0.9806 2.0830 -2.8755 17.7392 18.0911 -14.2200 -15.7200 -28.0200 1.7914 0.1399 0.3559 151.75543 2.648632 2.6486 0.1596 -0.1169 0.1966 -0.0576 -0.5618 9.8683478640168E13 0.01999779943442359
0 -0.8790 0.4308 0.2044 -0.4536 -0.8876 -0.0798 0.1471 -0.1628 0.9756 2.2386 -2.4781 14.8493 15.2202 -14.2200 -15.7200 -28.0200 1.9013 -0.1148 0.4066 154.11218 2.6897652 2.6898 0.1635 -0.1496 0.2047 -0.0599 -0.5237 9.8683498637801E13 0.019997632434428314
0 -0.8790 0.4308 0.2044 -0.4536 -0.8876 -0.0798 0.1471 -0.1628 0.9756 2.2386 -2.4781 14.8493 15.2202 -14.2200 -15.7200 -28.0200 1.9655 0.0806 0.4823 154.11218 2.6897652 2.6898 0.1635 -0.1496 0.2144 -0.0582 -0.4844 9.8683518635667E13 0.019997865434421724
1 -0.8790 0.4308 0.2044 -0.4536 -0.8876 -0.0798 0.1471 -0.1628 0.9756 2.2386 -2.4781 14.8493 15.2202 -15.4800 -12.4200 -29.5800 1.9655 0.0806 0.4823 154.11218 2.6897652 2.6898 0.1635 -0.1496 0.2144 -0.0582 -0.4844 9.8683518635667E13 0.019997865434421724
0 -0.8250 0.5239 0.2118 -0.5456 -0.8361 -0.0573 0.1471 -0.1628 0.9756 2.2386 -2.4781 14.8493 15.2202 -15.4800 -12.4200 -29.5800 1.9398 0.5247 0.4854 147.93002 2.581866 2.5819 0.1635 -0.1496 0.2241 -0.0477 -0.4456 9.8683538633233E13 0.01999756543443021
0 -0.8250 0.5239 0.2118 -0.5456 -0.8361 -0.0573 0.1471 -0.1628 0.9756 2.2386 -2.4781 14.8493 15.2202 -15.4800 -12.4200 -29.5800 1.9569 0.9523 0.3381 147.93002 2.581866 2.5819 0.1635 -0.1496 0.2308 -0.0287 -0.4065 9.8683558630733E13 0.019997499434432076
0 -0.8317 0.5091 0.2215 -0.5300 -0.8469 -0.0437 0.1653 -0.1537 0.9742 2.3536 -2.1884 13.8676 14.2352 -15.4800 -12.4200 -29.5800 2.2489 1.2083 0.1958 148.98703 2.6003141 2.6003 0.1543 -0.1681 0.2348 -0.0045 -0.3615 9.8683578627466E13 0.019996732434453768
0 -0.8568 0.4443 0.2618 -0.4918 -0.8567 -0.1554 0.1552 -0.2619 0.9525 1.3240 -2.2339 8.1238 8.5287 -15.4800 -12.4200 -29.5800 2.7242 1.1643 0.1237 152.58838 2.6631696 2.6632 0.2650 -0.1616 0.2372 0.0187 -0.3071 9.8683598624966E13 0.019997499434432076
0 -0.8568 0.4443 0.2618 -0.4918 -0.8567 -0.1554 0.1552 -0.2619 0.9525 1.3240 -2.2339 8.1238 8.5287 -15.4800 -12.4200 -29.5800 3.0302 0.9181 0.0517 152.58838 2.6631696 2.6632 0.2650 -0.1616 0.2383 0.0371 -0.2465 9.8683618622466E13 0.019997499434432076
1 -0.8568 0.4443 0.2618 -0.4918 -0.8567 -0.1554 0.1552 -0.2619 0.9525 1.3240 -2.2339 8.1238 8.5287 -15.7200 -11.6400 -30.6600 3.0302 0.9181 0.0517 152.58838 2.6631696 2.6632 0.2650 -0.1616 0.2383 0.0371 -0.2465 9.8683618622466E13 0.019997499434432076
0 -0.8508 0.4545 0.2637 -0.5020 -0.8513 -0.1523 0.1552 -0.2619 0.9525 1.3240 -2.2339 8.1238 8.5287 -15.7200 -11.6400 -30.6600 2.8274 0.6231 -0.1114 151.90137 2.651179 2.6512 0.2650 -0.1616 0.2360 0.0496 -0.1899 9.8683638619966E13 0.019997499434432076
0 -0.8508 0.4545 0.2637 -0.5020 -0.8513 -0.1523 0.1552 -0.2619 0.9525 1.3240 -2.2339 8.1238 8.5287 -15.7200 -11.6400 -30.6600 2.5892 0.6103 -0.1524 151.90137 2.651179 2.6512 0.2650 -0.1616 0.2330 0.0618 -0.1381 9.8683658617399E13 0.01999743243443397
0 -0.8454 0.4690 0.2554 -0.5123 -0.8473 -0.1398 0.1508 -0.2490 0.9567 1.0080 -1.6640 6.3927 6.6822 -15.7200 -11.6400 -30.6600 2.3809 0.7013 -0.1628 151.03305 2.6360242 2.6360 0.2517 -0.1564 0.2297 0.0758 -0.0905 9.8683678614899E13 0.019997499434432076
0 -0.4741 0.8759 -0.0894 -0.8785 -0.4640 0.1137 0.0581 0.1325 0.9895 0.2299 0.5243 3.9170 3.9587 -15.7200 -11.6400 -30.6600 2.1842 0.8125 -0.1628 117.91055 2.0579271 2.0579 -0.1328 -0.0586 0.2265 0.0920 -0.0468 9.8683698612399E13 0.019997499434432076
0 -0.4741 0.8759 -0.0894 -0.8785 -0.4640 0.1137 0.0581 0.1325 0.9895 0.2299 0.5243 3.9170 3.9587 -15.7200 -11.6400 -30.6600 1.9466 0.8644 -0.1438 117.91055 2.0579271 2.0579 -0.1328 -0.0586 0.2236 0.1093 -0.0079 9.8683718609832E13 0.01999743243443397
1 -0.4741 0.8759 -0.0894 -0.8785 -0.4640 0.1137 0.0581 0.1325 0.9895 0.2299 0.5243 3.9170 3.9587 -14.4600 -14.4000 -29.3400 1.9466 0.8644 -0.1438 117.91055 2.0579271 2.0579 -0.1328 -0.0586 0.2236 0.1093 -0.0079 9.8683718609832E13 0.01999743243443397
0 -0.6337 0.7708 -0.0660 -0.7714 -0.6232 0.1287 0.0581 0.1325 0.9895 0.2299 0.5243 3.9170 3.9587 -14.4600 -14.4000 -29.3400 1.6662 0.8112 -0.0766 128.95578 2.2507029 2.2507 -0.1328 -0.0586 0.2221 0.1255 0.0254 9.8683738607265E13 0.01999743243443397
0 -0.6337 0.7708 -0.0660 -0.7714 -0.6232 0.1287 0.0581 0.1325 0.9895 0.2299 0.5243 3.9170 3.9587 -14.4600 -14.4000 -29.3400 1.3314 0.7288 -0.0064 128.95578 2.2507029 2.2507 -0.1328 -0.0586 0.2219 0.1401 0.0520 9.8683758604765E13 0.019997499434432076
0 -0.4080 0.8829 -0.2322 -0.9128 -0.4000 0.0830 -0.0196 0.2458 0.9691 -0.0694 0.8691 3.4262 3.5354 -14.4600 -14.4000 -29.3400 1.0205 0.6109 0.0291 114.37213 1.9961702 1.9962 -0.2484 0.0203 0.2225 0.1523 0.0724 9.8683778602298E13 0.019997532434431142
0 0.3125 0.7827 -0.5382 -0.9239 0.1189 -0.3636 -0.2206 0.6109 0.7604 -0.8907 2.4661 3.0695 4.0369 -14.4600 -14.4000 -29.3400 0.8268 0.3910 0.0572 81.36365 1.4200637 1.4201 -0.6572 0.2824 0.2237 0.1602 0.0890 9.8683798599764E13 0.019997465434433037
0 0.3125 0.7827 -0.5382 -0.9239 0.1189 -0.3636 -0.2206 0.6109 0.7604 -0.8907 2.4661 3.0695 4.0369 -14.4600 -14.4000 -29.3400 0.7425 0.0721 0.1268 81.36365 1.4200637 1.4201 -0.6572 0.2824 0.2262 0.1616 0.1038 9.8683818597297E13 0.019997532434431142
1 0.3125 0.7827 -0.5382 -0.9239 0.1189 -0.3636 -0.2206 0.6109 0.7604 -0.8907 2.4661 3.0695 4.0369 -11.8800 -19.3800 -26.6400 0.7425 0.0721 0.1268 81.36365 1.4200637 1.4201 -0.6572 0.2824 0.2262 0.1616 0.1038 9.8683818597297E13 0.019997532434431142
0 0.0813 0.7884 -0.6098 -0.9720 -0.0727 -0.2236 -0.2206 0.6109 0.7604 -0.8907 2.4661 3.0695 4.0369 -11.8800 -19.3800 -26.6400 0.5904 -0.1759 0.2160 95.26788 1.6627384 1.6627 -0.6572 0.2824 0.2305 0.1581 0.1156 9.868383859483E13 0.019997532434431142
0 0.0813 0.7884 -0.6098 -0.9720 -0.0727 -0.2236 -0.2206 0.6109 0.7604 -0.8907 2.4661 3.0695 4.0369 -11.8800 -19.3800 -26.6400 0.3449 -0.1924 0.2997 95.26788 1.6627384 1.6627 -0.6572 0.2824 0.2365 0.1542 0.1225 9.8683858592296E13 0.019997465434433037
0 0.2054 0.7456 -0.6340 -0.9512 -0.0005 -0.3087 -0.2304 0.6664 0.7091 -0.9314 2.6936 2.8659 4.0418 -11.8800 -19.3800 -26.6400 0.1237 -0.0586 0.4011 90.03497 1.5714067 1.5714 -0.7294 0.3142 0.2445 0.1531 0.1250 9.8683878589762E13 0.019997465434433037
0 0.8234 0.2163 -0.5246 -0.5657 0.3858 -0.7288 0.0447 0.8969 0.4400 0.2035 4.0846 2.0040 4.5543 -11.8800 -19.3800 -26.6400 -0.1139 0.0153 0.4579 29.284882 0.51111764 0.5111 -1.1126 -0.1012 0.2537 0.1534 0.1227 9.8683898587295E13 0.019997532434431142
0 0.8234 0.2163 -0.5246 -0.5657 0.3858 -0.7288 0.0447 0.8969 0.4400 0.2035 4.0846 2.0040 4.5543 -11.8800 -19.3800 -26.6400 -0.4609 -0.0733 0.3565 29.284882 0.51111764 0.5111 -1.1126 -0.1012 0.2608 0.1519 0.1135 9.8683918584828E13 0.019997532434431142
1 0.8234 0.2163 -0.5246 -0.5657 0.3858 -0.7288 0.0447 0.8969 0.4400 0.2035 4.0846 2.0040 4.5543 -9.8400 -24.2400 -23.8200 -0.4609 -0.0733 0.3565 29.284882 0.51111764 0.5111 -1.1126 -0.1012 0.2608 0.1519 0.1135 9.8683918584828E13 0.019997532434431142
0 0.7864 0.2401 -0.5692 -0.6161 0.3715 -0.6946 0.0447 0.8969 0.4400 0.2035 4.0846 2.0040 4.5543 -9.8400 -24.2400 -23.8200 -0.9593 -0.3146 0.1250 32.871765 0.57372034 0.5737 -1.1126 -0.1012 0.2633 0.1456 0.0943 9.8683938582294E13 0.019997465434433037
0 0.7864 0.2401 -0.5692 -0.6161 0.3715 -0.6946 0.0447 0.8969 0.4400 0.2035 4.0846 2.0040 4.5543 -9.8400 -24.2400 -23.8200 -1.4853 -0.5986 -0.0962 32.871765 0.57372034 0.5737 -1.1126 -0.1012 0.2614 0.1336 0.0646 9.8683958579827E13 0.019997532434431142
0 0.9319 -0.0226 -0.3619 -0.3339 0.3359 -0.8807 0.1415 0.9416 0.3055 0.6488 4.3169 1.4007 4.5846 -9.8400 -24.2400 -23.8200 -1.7999 -0.7691 -0.1652 356.14474 -0.06728701 -0.0673 -1.2274 -0.4338 0.2581 0.1183 0.0286 9.868397857736E13 0.019997532434431142
0 -0.8635 -0.1287 0.4877 0.3635 -0.8291 0.4247 0.3497 0.5441 0.7627 0.9649 1.5012 2.1046 2.7593 -9.8400 -24.2400 -23.8200 -1.9929 -0.9493 -0.0821 188.82674 -2.9875371 -2.9875 -0.5753 -0.4299 0.2564 0.0993 -0.0112 9.8683998575626E13 0.01999826543441041
0 -0.8635 -0.1287 0.4877 0.3635 -0.8291 0.4247 0.3497 0.5441 0.7627 0.9649 1.5012 2.1046 2.7593 -9.8400 -24.2400 -23.8200 -2.3845 -1.1405 -0.0357 188.82674 -2.9875371 -2.9875 -0.5753 -0.4299 0.2557 0.0765 -0.0589 9.8684018573192E13 0.01999756543443021
1 -0.8635 -0.1287 0.4877 0.3635 -0.8291 0.4247 0.3497 0.5441 0.7627 0.9649 1.5012 2.1046 2.7593 -8.5200 -26.9400 -21.5400 -2.3845 -1.1405 -0.0357 188.82674 -2.9875371 -2.9875 -0.5753 -0.4299 0.2557 0.0765 -0.0589 9.8684018573192E13 0.01999756543443021
0 -0.8745 -0.1024 0.4740 0.3360 -0.8328 0.4400 0.3497 0.5441 0.7627 0.9649 1.5012 2.1046 2.7593 -8.5200 -26.9400 -21.5400 -2.9801 -1.3604 -0.1371 187.01111 -3.0192256 -3.0192 -0.5753 -0.4299 0.2530 0.0493 -0.1185 9.8684038570825E13 0.019997632434428314
0 -0.8745 -0.1024 0.4740 0.3360 -0.8328 0.4400 0.3497 0.5441 0.7627 0.9649 1.5012 2.1046 2.7593 -8.5200 -26.9400 -21.5400 -3.5280 -1.5266 -0.2904 187.01111 -3.0192256 -3.0192 -0.5753 -0.4299 0.2472 0.0187 -0.1891 9.8684058568458E13 0.019997632434428314
0 -0.3762 -0.5031 0.7780 0.6955 -0.7081 -0.1216 0.6122 0.4954 0.6163 1.7574 1.4222 1.7694 2.8708 -8.5200 -26.9400 -21.5400 -3.8695 -1.3066 -0.3216 215.39291 -2.5238698 -2.5239 -0.5183 -0.7820 0.2408 -0.0074 -0.2664 9.8684078566024E13 0.01999756543443021
0 -0.9341 0.0101 0.3568 -0.1593 -0.9063 -0.3914 0.3194 -0.4225 0.8482 2.4110 -3.1892 6.4023 7.5481 -8.5200 -26.9400 -21.5400 -4.3148 -0.6481 -0.2697 179.35999 3.1304224 3.1304 0.4362 -0.3602 0.2354 -0.0204 -0.3527 9.8684098563657E13 0.019997632434428314
0 -0.9341 0.0101 0.3568 -0.1593 -0.9063 -0.3914 0.3194 -0.4225 0.8482 2.4110 -3.1892 6.4023 7.5481 -8.5200 -26.9400 -21.5400 -4.2482 -1.2529 -0.3619 179.35999 3.1304224 3.1304 0.4362 -0.3602 0.2281 -0.0454 -0.4377 9.868411856129E13 0.019997632434428314
1 -0.9341 0.0101 0.3568 -0.1593 -0.9063 -0.3914 0.3194 -0.4225 0.8482 2.4110 -3.1892 6.4023 7.5481 -9.0000 -26.4600 -21.5400 -4.2482 -1.2529 -0.3619 179.35999 3.1304224 3.1304 0.4362 -0.3602 0.2281 -0.0454 -0.4377 9.868411856129E13 0.019997632434428314
0 -0.9319 0.0223 0.3620 -0.1718 -0.9061 -0.3866 0.3194 -0.4225 0.8482 2.4110 -3.1892 6.4023 7.5481 -9.0000 -26.4600 -21.5400 -3.9440 -1.9914 -0.3949 178.59277 3.1170323 3.1170 0.4362 -0.3602 0.2202 -0.0852 -0.5166 9.8684138558923E13 0.019997632434428314
0 -0.9319 0.0223 0.3620 -0.1718 -0.9061 -0.3866 0.3194 -0.4225 0.8482 2.4110 -3.1892 6.4023 7.5481 -9.0000 -26.4600 -21.5400 -3.7217 -2.0354 -0.3472 178.59277 3.1170323 3.1170 0.4362 -0.3602 0.2133 -0.1259 -0.5910 9.8684158556489E13 0.01999756543443021
0 -0.9469 0.0659 0.3147 -0.2049 -0.8779 -0.4328 0.2478 -0.4743 0.8448 2.4374 -4.6664 8.3105 9.8378 -9.0000 -26.4600 -21.5400 -3.8286 -1.2401 -0.1621 175.70801 3.0666838 3.0667 0.4942 -0.2853 0.2100 -0.1507 -0.6675 9.8684178554822E13 0.019998332434408517
0 -0.9655 0.1638 0.2023 -0.2268 -0.9106 -0.3455 0.1276 -0.3795 0.9164 2.8875 -8.5859 20.7344 22.6268 -9.0000 -26.4600 -21.5400 -4.0967 0.0586 -0.0155 169.80536 2.963663 2.9637 0.3892 -0.1384 0.2097 -0.1496 -0.7495 9.8684198552455E13 0.019997632434428314
0 -0.9655 0.1638 0.2023 -0.2268 -0.9106 -0.3455 0.1276 -0.3795 0.9164 2.8875 -8.5859 20.7344 22.6268 -9.0000 -26.4600 -21.5400 -3.6398 0.6518 -0.0656 169.80536 2.963663 2.9637 0.3892 -0.1384 0.2084 -0.1365 -0.8223 9.8684218550021E13 0.01999756543443021
1 -0.9655 0.1638 0.2023 -0.2268 -0.9106 -0.3455 0.1276 -0.3795 0.9164 2.8875 -8.5859 20.7344 22.6268 -11.4600 -22.0200 -24.4200 -3.6398 0.6518 -0.0656 169.80536 2.963663 2.9637 0.3892 -0.1384 0.2084 -0.1365 -0.8223 9.8684218550021E13 0.01999756543443021
0 -0.9441 0.2368 0.2295 -0.3041 -0.8944 -0.3280 0.1276 -0.3795 0.9164 2.8875 -8.5859 20.7344 22.6268 -11.4600 -22.0200 -24.4200 -2.3075 0.0544 -0.2532 165.17145 2.8827858 2.8828 0.3892 -0.1384 0.2034 -0.1354 -0.8684 9.8684238547587E13 0.01999756543443021
0 -0.9441 0.2368 0.2295 -0.3041 -0.8944 -0.3280 0.1276 -0.3795 0.9164 2.8875 -8.5859 20.7344 22.6268 -11.4600 -22.0200 -24.4200 -0.8769 -0.9279 -0.5091 165.17145 2.8827858 2.8828 0.3892 -0.1384 0.1932 -0.1540 -0.8859 9.868425854522E13 0.019997632434428314
0 -0.9435 0.2504 0.2169 -0.3115 -0.8936 -0.3231 0.1129 -0.3724 0.9212 2.7869 -9.1892 22.7289 24.6741 -11.4600 -22.0200 -24.4200 0.3809 -1.4276 -0.3674 164.34412 2.8683457 2.8683 0.3816 -0.1220 0.1858 -0.1826 -0.8783 9.8684278542853E13 0.019997632434428314
0 -0.9412 0.2800 0.1892 -0.3258 -0.9004 -0.2883 0.0896 -0.3330 0.9387 2.4877 -9.2443 26.0569 27.7598 -11.4600 -22.0200 -24.4200 1.4597 -0.9096 0.2178 162.72516 2.8400898 2.8401 0.3395 -0.0952 0.1902 -0.2007 -0.8491 9.8684298540419E13 0.01999756543443021
0 -0.9412 0.2800 0.1892 -0.3258 -0.9004 -0.2883 0.0896 -0.3330 0.9387 2.4877 -9.2443 26.0569 27.7598 -11.4600 -22.0200 -24.4200 2.0840 0.3195 0.7224 162.72516 2.8400898 2.8401 0.3395 -0.0952 0.2046 -0.1944 -0.8075 9.8684318538052E13 0.019997632434428314
1 -0.9412 0.2800 0.1892 -0.3258 -0.9004 -0.2883 0.0896 -0.3330 0.9387 2.4877 -9.2443 26.0569 27.7598 -13.9800 -14.9400 -27.4200 2.0840 0.3195 0.7224 162.72516 2.8400898 2.8401 0.3395 -0.0952 0.2046 -0.1944 -0.8075 9.8684318538052E13 0.019997632434428314
0 -0.8842 0.4073 0.2289 -0.4585 -0.8504 -0.2579 0.0896 -0.3330 0.9387 2.4877 -9.2443 26.0569 27.7598 -13.9800 -14.9400 -27.4200 2.3516 1.2254 0.7425 154.41144 2.694988 2.6950 0.3395 -0.0952 0.2195 -0.1698 -0.7604 9.8684338535685E13 0.019997632434428314
0 -0.8842 0.4073 0.2289 -0.4585 -0.8504 -0.2579 0.0896 -0.3330 0.9387 2.4877 -9.2443 26.0569 27.7598 -13.9800 -14.9400 -27.4200 2.7413 1.4740 0.6075 154.41144 2.694988 2.6950 0.3395 -0.0952 0.2316 -0.1404 -0.7056 9.8684358533251E13 0.01999756543443021
0 -0.9016 0.3299 0.2799 -0.3872 -0.9038 -0.1821 0.1929 -0.2726 0.9426 4.5850 -6.4789 22.4008 23.7654 -13.9800 -14.9400 -27.4200 3.1836 1.3158 0.5055 159.94983 2.7916512 2.7917 0.2761 -0.2019 0.2417 -0.1141 -0.6419 9.8684378530784E13 0.019997532434431142
0 -0.9124 0.1746 0.3701 -0.2500 -0.9538 -0.1664 0.3239 -0.2444 0.9140 4.4270 -3.3400 12.4909 13.6667 -13.9800 -14.9400 -27.4200 3.3803 1.1038 0.3076 169.62671 2.960544 2.9605 0.2469 -0.3406 0.2479 -0.0920 -0.5744 9.8684398528417E13 0.019997632434428314
0 -0.9124 0.1746 0.3701 -0.2500 -0.9538 -0.1664 0.3239 -0.2444 0.9140 4.4270 -3.3400 12.4909 13.6667 -13.9800 -14.9400 -27.4200 3.3259 1.1338 0.0364 169.62671 2.960544 2.9605 0.2469 -0.3406 0.2486 -0.0693 -0.5078 9.868441852535E13 0.01999693243444811
1 -0.9124 0.1746 0.3701 -0.2500 -0.9538 -0.1664 0.3239 -0.2444 0.9140 4.4270 -3.3400 12.4909 13.6667 -16.2600 -9.9600 -30.0000 3.3259 1.1338 0.0364 169.62671 2.960544 2.9605 0.2469 -0.3406 0.2486 -0.0693 -0.5078 9.868441852535E13 0.01999693243444811
0 -0.8805 0.2756 0.3857 -0.3461 -0.9297 -0.1259 0.3239 -0.2444 0.9140 4.4270 -3.3400 12.4909 13.6667 -16.2600 -9.9600 -30.0000 3.1738 1.4991 -0.1560 163.49078 2.8534524 2.8535 0.2469 -0.3406 0.2455 -0.0393 -0.4444 9.8684438522916E13 0.01999756543443021
0 -0.8805 0.2756 0.3857 -0.3461 -0.9297 -0.1259 0.3239 -0.2444 0.9140 4.4270 -3.3400 12.4909 13.6667 -16.2600 -9.9600 -30.0000 2.9783 2.0696 -0.2519 163.49078 2.8534524 2.8535 0.2469 -0.3406 0.2405 0.0021 -0.3848 9.8684458520549E13 0.019997632434428314
0 -0.8648 0.3613 0.3488 -0.4183 -0.9025 -0.1024 0.2778 -0.2344 0.9316 3.5603 -3.0048 11.9402 12.8169 -16.2600 -9.9600 -30.0000 2.9245 2.2639 -0.3161 158.1842 2.7608352 2.7608 0.2366 -0.2898 0.2341 0.0473 -0.3263 9.8684478518182E13 0.019997632434428314
0 -0.7886 0.5665 0.2393 -0.6146 -0.7119 -0.3398 -0.0221 -0.4151 0.9095 -0.1413 -2.6529 5.8133 6.3916 -16.2600 -9.9600 -30.0000 3.0931 1.9597 -0.3191 141.49194 2.4695003 2.4695 0.4280 0.0243 0.2278 0.0865 -0.2645 9.8684498515748E13 0.01999756543443021
0 -0.7886 0.5665 0.2393 -0.6146 -0.7119 -0.3398 -0.0221 -0.4151 0.9095 -0.1413 -2.6529 5.8133 6.3916 -16.2600 -9.9600 -30.0000 3.2196 1.4355 -0.2898 141.49194 2.4695003 2.4695 0.4280 0.0243 0.2220 0.1152 -0.2001 9.8684518513314E13 0.01999756543443021
1 -0.7886 0.5665 0.2393 -0.6146 -0.7119 -0.3398 -0.0221 -0.4151 0.9095 -0.1413 -2.6529 5.8133 6.3916 -16.4400 -8.7000 -31.5600 3.2196 1.4355 -0.2898 141.49194 2.4695003 2.4695 0.4280 0.0243 0.2220 0.1152 -0.2001 9.8684518513314E13 0.01999756543443021
0 -0.7775 0.5791 0.2454 -0.6285 -0.7017 -0.3355 -0.0221 -0.4151 0.9095 -0.1413 -2.6529 5.8133 6.3916 -16.4400 -8.7000 -31.5600 3.1109 0.9566 -0.2788 140.46936 2.451653 2.4517 0.4280 0.0243 0.2164 0.1344 -0.1379 9.8684538510947E13 0.019997632434428314
0 -0.7775 0.5791 0.2454 -0.6285 -0.7017 -0.3355 -0.0221 -0.4151 0.9095 -0.1413 -2.6529 5.8133 6.3916 -16.4400 -8.7000 -31.5600 2.7926 0.5113 -0.2880 140.46936 2.451653 2.4517 0.4280 0.0243 0.2106 0.1446 -0.0820 9.868455850858E13 0.019997632434428314
0 -0.7161 0.6723 0.1877 -0.6831 -0.6197 -0.3865 -0.1435 -0.4050 0.9030 -0.6177 -1.7430 3.8859 4.3035 -16.4400 -8.7000 -31.5600 2.0541 -0.0739 -0.2532 132.66913 2.3155134 2.3155 0.4170 0.1576 0.2056 0.1431 -0.0410 9.8684578505413E13 0.01999683243445094
0 -0.0335 0.9678 -0.2493 -0.8732 -0.1497 -0.4637 -0.4861 0.2022 0.8502 -1.9633 0.8164 3.4334 4.0385 -16.4400 -8.7000 -31.5600 1.6704 -0.0574 -0.2098 98.79401 1.7242808 1.7243 -0.2036 0.5194 0.2014 0.1419 -0.0076 9.8684598502913E13 0.019997499434432076
0 -0.0335 0.9678 -0.2493 -0.8732 -0.1497 -0.4637 -0.4861 0.2022 0.8502 -1.9633 0.8164 3.4334 4.0385 -16.4400 -8.7000 -31.5600 1.3717 0.0189 -0.0326 98.79401 1.7242808 1.7243 -0.2036 0.5194 0.2007 0.1423 0.0199 9.8684618500413E13 0.019997499434432076
1 -0.0335 0.9678 -0.2493 -0.8732 -0.1497 -0.4637 -0.4861 0.2022 0.8502 -1.9633 0.8164 3.4334 4.0385 -14.1600 -12.1200 -29.8200 1.3717 0.0189 -0.0326 98.79401 1.7242808 1.7243 -0.2036 0.5194 0.2007 0.1423 0.0199 9.8684618500413E13 0.019997499434432076
0 -0.1512 0.9387 -0.3097 -0.8607 -0.2792 -0.4258 -0.4861 0.2022 0.8502 -1.9633 0.8164 3.4334 4.0385 -14.1600 -12.1200 -29.8200 1.0529 0.2505 0.2600 106.56122 1.8598441 1.8598 -0.2036 0.5194 0.2059 0.1473 0.0409 9.8684638497913E13 0.019997499434432076
0 -0.1512 0.9387 -0.3097 -0.8607 -0.2792 -0.4258 -0.4861 0.2022 0.8502 -1.9633 0.8164 3.4334 4.0385 -14.1600 -12.1200 -29.8200 0.6124 0.4136 0.5526 106.56122 1.8598441 1.8598 -0.2036 0.5194 0.2170 0.1556 0.0532 9.8684658495346E13 0.01999743243443397
0 -0.1774 0.9382 -0.2971 -0.8365 -0.3028 -0.4568 -0.5185 0.1675 0.8385 -2.4829 0.8021 4.0152 4.7885 -14.1600 -12.1200 -29.8200 0.1592 0.5003 0.8348 107.88577 1.8829618 1.8830 -0.1683 0.5538 0.2337 0.1656 0.0564 9.8684678492846E13 0.019997499434432076
0 0.1623 0.8849 -0.4367 -0.8817 -0.0686 -0.4667 -0.4430 0.4608 0.7691 -2.2602 2.3512 3.9242 5.1025 -14.1600 -12.1200 -29.8200 -0.2397 0.5437 1.0486 94.435455 1.6482095 1.6482 -0.4789 0.5226 0.2546 0.1765 0.0516 9.8684698490346E13 0.019997499434432076
0 0.1623 0.8849 -0.4367 -0.8817 -0.0686 -0.4667 -0.4430 0.4608 0.7691 -2.2602 2.3512 3.9242 5.1025 -14.1600 -12.1200 -29.8200 -0.6130 0.3409 1.1653 94.435455 1.6482095 1.6482 -0.4789 0.5226 0.2779 0.1833 0.0393 9.8684718487779E13 0.01999743243443397
