1 0.8586 0.4882 -0.1564 -0.5038 0.8600 -0.0815 0.0947 0.1488 0.9843 1.0391 1.6329 10.8030 10.9750 -13.5600 14.2200 -24.7800 -0.0822 -0.0458 0.0118 29.582825 0.5163177 0.5163 -0.1493 -0.0959 0 0 0 1.652873804262059E15
0 0.8252 0.5479 -0.1372 -0.5645 0.8076 -0.1707 0.0173 0.2183 0.9757 0.1772 2.2363 9.9961 10.2447 -13.5600 14.2200 -24.7800 -0.0822 -0.0458 0.0118 34.152954 0.5960813 0.5961 -0.2201 -0.0177 0.0021 -0.0082 -0.0148 1.652873984262059E15
1 0.8252 0.5479 -0.1372 -0.5645 0.8076 -0.1707 0.0173 0.2183 0.9757 0.1772 2.2363 9.9961 10.2447 -14.5800 14.1000 -24.4200 -0.0822 -0.0458 0.0118 34.152954 0.5960813 0.5961 -0.2201 -0.0177 0.0021 -0.0082 -0.0148 1.652873984262059E15
0 0.7569 0.6489 -0.0772 -0.6535 0.7502 -0.1005 -0.0073 0.1265 0.9919 -0.0694 1.2019 9.4215 9.4981 -14.5800 14.1000 -24.4200 -0.0822 -0.0458 0.0118 40.85965 0.71313554 0.7131 -0.1269 0.0074 0.0043 -0.0165 -0.0296 1.652874164262059E15
1 0.7212 0.6920 -0.0310 -0.6922 0.7180 -0.0730 -0.0282 0.0741 0.9969 -0.2801 0.7350 9.8884 9.9196 -15.5400 13.9800 -24.1800 -0.0822 -0.0458 0.0118 43.943237 0.76695436 0.7670 -0.0742 0.0283 0.0043 -0.0165 -0.0296 1.652874164262059E15
0 0.6968 0.7165 -0.0335 -0.7168 0.6936 -0.0719 -0.0282 0.0741 0.9969 -0.2801 0.7350 9.8884 9.9196 -15.5400 13.9800 -24.1800 -0.4555 0.0880 0.2812 45.930695 0.80164176 0.8016 -0.0742 0.0283 0.0549 -0.0006 -0.1116 1.652874344262059E15
0 0.6772 0.7357 -0.0098 -0.7358 0.6772 -0.0013 0.0057 0.0081 1.0000 0.0527 0.0742 9.1701 9.1705 -15.5400 13.9800 -24.1800 -0.2930 -0.0567 -0.1348 47.37149 0.82678837 0.8268 -0.0081 -0.0057 0.0306 -0.0108 -0.1643 1.652874524262059E15
1 0.6772 0.7357 -0.0098 -0.7358 0.6772 -0.0013 0.0057 0.0081 1.0000 0.0527 0.0742 9.1701 9.1705 -16.3200 14.0400 -23.4600 -0.2930 -0.0567 -0.1348 47.37149 0.82678837 0.8268 -0.0081 -0.0057 0.0306 -0.0108 -0.1643 1.652874524262059E15
0 0.6450 0.7642 0.0087 -0.7640 0.6450 -0.0163 -0.0181 0.0039 0.9998 -0.1772 0.0383 9.8141 9.8158 -16.3200 14.0400 -23.4600 -0.2001 -0.1759 -0.0749 49.833527 0.86975926 0.8698 -0.0039 0.0181 0.0171 -0.0425 -0.2003 1.652874704262059E15
1 0.6450 0.7642 0.0087 -0.7640 0.6450 -0.0163 -0.0181 0.0039 0.9998 -0.1772 0.0383 9.8141 9.8158 -16.1400 15.2400 -23.4600 -0.2001 -0.1759 -0.0749 49.833527 0.86975926 0.8698 -0.0039 0.0181 0.0171 -0.0425 -0.2003 1.652874704262059E15
0 0.6765 0.7364 0.0130 -0.7361 0.6766 -0.0199 -0.0235 0.0040 0.9997 -0.2275 0.0383 9.6920 9.6948 -16.1400 15.2400 -23.4600 0.0564 -0.0122 -0.1201 47.423218 0.82769144 0.8277 -0.0040 0.0235 -0.0045 -0.0447 -0.1902 1.652874884262059E15
1 0.6765 0.7364 0.0130 -0.7361 0.6766 -0.0199 -0.0235 0.0040 0.9997 -0.2275 0.0383 9.6920 9.6948 -15.9600 16.1400 -22.9800 0.0564 -0.0122 -0.1201 47.423218 0.82769144 0.8277 -0.0040 0.0235 -0.0045 -0.0447 -0.1902 1.652874884262059E15
0 0.7099 0.7043 0.0016 -0.7042 0.7098 -0.0168 -0.0130 0.0108 0.9999 -0.1269 0.1053 9.7758 9.7772 -15.9600 16.1400 -22.9800 -0.0285 0.0147 0.0008 44.776215 0.7814924 0.7815 -0.0108 0.0130 -0.0044 -0.0420 -0.1953 1.652875064262059E15
1 0.7099 0.7043 0.0016 -0.7042 0.7098 -0.0168 -0.0130 0.0108 0.9999 -0.1269 0.1053 9.7758 9.7772 -16.1400 16.9800 -22.5600 -0.0285 0.0147 0.0008 44.776215 0.7814924 0.7815 -0.0108 0.0130 -0.0044 -0.0420 -0.1953 1.652875064262059E15
0 0.7215 0.6924 0.0049 -0.6922 0.7215 -0.0187 -0.0165 0.0101 0.9998 -0.1604 0.0982 9.7423 9.7441 -16.1400 16.9800 -22.5600 0.0064 -0.0018 0.0008 43.819885 0.7648014 0.7648 -0.0101 0.0165 -0.0042 -0.0424 -0.1942 1.652875244262059E15
1 0.7215 0.6924 0.0049 -0.6922 0.7215 -0.0187 -0.0165 0.0101 0.9998 -0.1604 0.0982 9.7423 9.7441 -16.2600 18.0000 -22.7400 0.0064 -0.0018 0.0008 43.819885 0.7648014 0.7648 -0.0101 0.0165 -0.0042 -0.0424 -0.1942 1.652875244262059E15
0 0.7390 0.6737 0.0048 -0.6735 0.7390 -0.0174 -0.0152 0.0096 0.9998 -0.1484 0.0934 9.7327 9.7343 -16.2600 18.0000 -22.7400 -0.0034 0.0013 0.0008 42.35263 0.7391931 0.7392 -0.0096 0.0153 -0.0041 -0.0421 -0.1948 1.652875424262059E15
1 0.7390 0.6737 0.0048 -0.6735 0.7390 -0.0174 -0.0152 0.0096 0.9998 -0.1484 0.0934 9.7327 9.7343 -16.6800 18.0600 -22.6200 -0.0034 0.0013 0.0008 42.35263 0.7391931 0.7392 -0.0096 0.0153 -0.0041 -0.0421 -0.1948 1.652875424262059E15
0 0.7280 0.6855 0.0104 -0.6854 0.7281 -0.0131 -0.0166 0.0024 0.9999 -0.1652 0.0239 9.9434 9.9448 -16.6800 18.0600 -22.6200 0.0002 0.0001 0.0008 43.2731 0.7552581 0.7553 -0.0024 0.0166 -0.0039 -0.0421 -0.1947 1.652875604262059E15
1 0.7280 0.6855 0.0104 -0.6854 0.7281 -0.0131 -0.0166 0.0024 0.9999 -0.1652 0.0239 9.9434 9.9448 -16.7400 18.3000 -22.6200 0.0002 0.0001 0.0008 43.2731 0.7552581 0.7553 -0.0024 0.0166 -0.0039 -0.0421 -0.1947 1.652875604262059E15
0 0.7318 0.6815 0.0098 -0.6813 0.7318 -0.0151 -0.0175 0.0044 0.9998 -0.1724 0.0431 9.8740 9.8756 -16.7400 18.3000 -22.6200 0.0009 0.0001 0.0008 42.961 0.74981064 0.7498 -0.0044 0.0175 -0.0038 -0.0421 -0.1946 1.652875784262059E15
1 0.7318 0.6815 0.0098 -0.6813 0.7318 -0.0151 -0.0175 0.0044 0.9998 -0.1724 0.0431 9.8740 9.8756 -16.5600 18.3600 -22.3800 0.0009 0.0001 0.0008 42.961 0.74981064 0.7498 -0.0044 0.0175 -0.0038 -0.0421 -0.1946 1.652875784262059E15
0 0.7382 0.6745 0.0071 -0.6744 0.7382 -0.0161 -0.0161 0.0071 0.9998 -0.1580 0.0694 9.8165 9.8180 -16.5600 18.3600 -22.3800 0.0009 0.0001 0.0008 42.41809 0.74033535 0.7403 -0.0071 0.0161 -0.0036 -0.0421 -0.1944 1.652875964262059E15
1 0.7367 0.6761 0.0095 -0.6760 0.7368 -0.0147 -0.0170 0.0044 0.9998 -0.1676 0.0431 9.8860 9.8875 -16.7400 18.1200 -22.0200 0.0009 0.0001 0.0008 42.542236 0.74250215 0.7425 -0.0044 0.0170 -0.0036 -0.0421 -0.1944 1.652875964262059E15
0 0.7288 0.6847 0.0094 -0.6845 0.7288 -0.0148 -0.0170 0.0044 0.9998 -0.1676 0.0431 9.8860 9.8875 -16.7400 18.1200 -22.0200 0.0009 -0.0005 0.0008 43.21045 0.75416446 0.7542 -0.0044 0.0170 -0.0035 -0.0422 -0.1943 1.652876144262059E15
0 0.7291 0.6844 0.0089 -0.6841 0.7291 -0.0206 -0.0206 0.0089 0.9997 -0.1987 0.0862 9.6346 9.6370 -16.7400 18.1200 -22.0200 0.0009 -0.0005 0.0008 43.189026 0.75379056 0.7538 -0.0089 0.0206 -0.0033 -0.0423 -0.1941 1.652876324262059E15
1 0.7291 0.6844 0.0089 -0.6841 0.7291 -0.0206 -0.0206 0.0089 0.9997 -0.1987 0.0862 9.6346 9.6370 -17.0400 18.1200 -21.9000 0.0009 -0.0005 0.0008 43.189026 0.75379056 0.7538 -0.0089 0.0206 -0.0033 -0.0423 -0.1941 1.652876324262059E15
0 0.7237 0.6900 0.0078 -0.6899 0.7238 -0.0165 -0.0170 0.0066 0.9998 -0.1676 0.0646 9.8405 9.8421 -17.0400 18.1200 -21.9000 0.0015 -0.0005 0.0008 43.6333 0.76154476 0.7615 -0.0066 0.0170 -0.0032 -0.0424 -0.1938 1.652876504262059E15
1 0.7237 0.6900 0.0078 -0.6899 0.7238 -0.0165 -0.0170 0.0066 0.9998 -0.1676 0.0646 9.8405 9.8421 -17.2800 17.7600 -21.9000 0.0015 -0.0005 0.0008 43.6333 0.76154476 0.7615 -0.0066 0.0170 -0.0032 -0.0424 -0.1938 1.652876504262059E15
0 0.7111 0.7030 0.0090 -0.7029 0.7111 -0.0158 -0.0175 0.0049 0.9998 -0.1724 0.0479 9.8453 9.8469 -17.2800 17.7600 -21.9000 0.0009 -0.0005 0.0008 44.67093 0.77965456 0.7797 -0.0049 0.0175 -0.0031 -0.0425 -0.1937 1.652876684262871E15
1 0.7111 0.7030 0.0090 -0.7029 0.7111 -0.0158 -0.0175 0.0049 0.9998 -0.1724 0.0479 9.8453 9.8469 -17.5200 17.7600 -22.1400 0.0009 -0.0005 0.0008 44.67093 0.77965456 0.7797 -0.0049 0.0175 -0.0031 -0.0425 -0.1937 1.652876684262871E15
0 0.7048 0.7093 0.0113 -0.7092 0.7049 -0.0134 -0.0174 0.0015 0.9998 -0.1724 0.0144 9.8884 9.8899 -17.5200 17.7600 -22.1400 0.0009 -0.0005 0.0008 45.179077 0.7885236 0.7885 -0.0015 0.0174 -0.0029 -0.0426 -0.1935 1.652876864262871E15
1 0.7048 0.7093 0.0113 -0.7092 0.7049 -0.0134 -0.0174 0.0015 0.9998 -0.1724 0.0144 9.8884 9.8899 -17.5200 17.6400 -22.4400 0.0009 -0.0005 0.0008 45.179077 0.7885236 0.7885 -0.0015 0.0174 -0.0029 -0.0426 -0.1935 1.652876864262871E15
0 0.7040 0.7101 0.0085 -0.7099 0.7041 -0.0162 -0.0175 0.0054 0.9998 -0.1724 0.0527 9.8333 9.8349 -17.5200 17.6400 -22.4400 -0.0059 0.0043 0.0026 45.24475 0.78967005 0.7897 -0.0054 0.0175 -0.0024 -0.0418 -0.1946 1.652877044262871E15
1 0.7040 0.7101 0.0085 -0.7099 0.7041 -0.0162 -0.0175 0.0054 0.9998 -0.1724 0.0527 9.8333 9.8349 -17.2200 17.6400 -22.3800 -0.0059 0.0043 0.0026 45.24475 0.78967005 0.7897 -0.0054 0.0175 -0.0024 -0.0418 -0.1946 1.652877044262871E15
0 0.7132 0.7009 0.0037 -0.7007 0.7132 -0.0189 -0.0158 0.0109 0.9998 -0.1532 0.1053 9.6777 9.6794 -17.2200 17.6400 -22.3800 0.0100 -0.0030 0.0008 44.503235 0.77672803 0.7767 -0.0109 0.0158 -0.0023 -0.0423 -0.1928 1.652877224262871E15
1 0.7132 0.7009 0.0037 -0.7007 0.7132 -0.0189 -0.0158 0.0109 0.9998 -0.1532 0.1053 9.6777 9.6794 -17.0400 17.7600 -22.3800 0.0100 -0.0030 0.0008 44.503235 0.77672803 0.7767 -0.0109 0.0158 -0.0023 -0.0423 -0.1928 1.652877224262871E15
0 0.7110 0.7030 0.0165 -0.7029 0.7112 -0.0123 -0.0204 -0.0029 0.9998 -0.2059 -0.0287 10.0679 10.0701 -17.0400 17.7600 -22.3800 -0.0193 0.0086 0.0008 44.669434 0.7796288 0.7796 0.0029 0.0204 -0.0021 -0.0408 -0.1963 1.652877404262871E15
1 0.7110 0.7030 0.0165 -0.7029 0.7112 -0.0123 -0.0204 -0.0029 0.9998 -0.2059 -0.0287 10.0679 10.0701 -17.0400 17.8200 -22.5000 -0.0193 0.0086 0.0008 44.669434 0.7796288 0.7796 0.0029 0.0204 -0.0021 -0.0408 -0.1963 1.652877404262871E15
0 0.7070 0.7068 0.0243 -0.7058 0.7074 -0.0377 -0.0438 0.0095 0.9990 -0.4310 0.0934 9.8189 9.8288 -17.0400 17.8200 -22.5000 0.0772 -0.0354 -0.1647 44.975464 0.78497005 0.7850 -0.0095 0.0439 -0.0318 -0.0471 -0.1824 1.652877584262871E15
1 0.7070 0.7068 0.0243 -0.7058 0.7074 -0.0377 -0.0438 0.0095 0.9990 -0.4310 0.0934 9.8189 9.8288 -16.9200 17.7600 -22.3200 0.0772 -0.0354 -0.1647 44.975464 0.78497005 0.7850 -0.0095 0.0439 -0.0318 -0.0471 -0.1824 1.652877584262871E15
0 0.7681 0.6358 -0.0764 -0.6297 0.7716 0.0901 0.1162 -0.0212 0.9930 1.1445 -0.2083 9.7782 9.8472 -16.9200 17.7600 -22.3200 0.0100 -0.0250 0.0075 39.489197 0.6892167 0.6892 0.0212 -0.1165 -0.0304 -0.0516 -0.1805 1.652877764262871E15
1 0.6724 0.7363 0.0761 -0.7324 0.6767 -0.0754 -0.1070 -0.0050 0.9942 -1.0224 -0.0479 9.4957 9.5507 -17.2200 17.5800 -22.6200 0.0100 -0.0250 0.0075 47.414215 0.82753426 0.8275 0.0050 0.1073 -0.0304 -0.0516 -0.1805 1.652877764262871E15
0 0.6624 0.7454 0.0751 -0.7415 0.6666 -0.0765 -0.1070 -0.0050 0.9942 -1.0224 -0.0479 9.4957 9.5507 -17.2200 17.5800 -22.6200 -0.0535 0.0447 -0.1403 48.19464 0.84115493 0.8412 0.0050 0.1073 -0.0557 -0.0436 -0.1902 1.652877944262871E15
0 0.6691 0.7403 0.0660 -0.7425 0.6618 0.1039 0.0333 -0.1185 0.9924 0.3352 -1.1947 10.0033 10.0799 -17.2200 17.5800 -22.6200 -0.5520 -0.5589 0.1859 48.20453 0.8413279 0.8413 0.1188 -0.0335 -0.0222 -0.1442 -0.2895 1.652878124262871E15
1 0.6691 0.7403 0.0660 -0.7425 0.6618 0.1039 0.0333 -0.1185 0.9924 0.3352 -1.1947 10.0033 10.0799 -16.9200 17.7000 -22.1400 -0.5520 -0.5589 0.1859 48.20453 0.8413279 0.8413 0.1188 -0.0335 -0.0222 -0.1442 -0.2895 1.652878124262871E15
0 0.8020 0.5780 -0.1508 -0.5592 0.8152 0.1506 0.2100 -0.0364 0.9770 2.0710 -0.3591 9.6370 9.8635 -16.9200 17.7000 -22.1400 -0.1060 -0.4489 -0.1281 35.336823 0.6167437 0.6167 0.0364 -0.2117 -0.0453 -0.2250 -0.3086 1.652878304262871E15
1 0.8020 0.5780 -0.1508 -0.5592 0.8152 0.1506 0.2100 -0.0364 0.9770 2.0710 -0.3591 9.6370 9.8635 -16.6800 17.5800 -20.6400 -0.1060 -0.4489 -0.1281 35.336823 0.6167437 0.6167 0.0364 -0.2117 -0.0453 -0.2250 -0.3086 1.652878304262871E15
0 0.7432 0.6684 -0.0313 -0.6584 0.7388 0.1438 0.1193 -0.0863 0.9891 1.2043 -0.8715 9.9889 10.0989 -16.6800 17.5800 -20.6400 0.0455 -0.1007 0.0265 42.135498 0.73540336 0.7354 0.0864 -0.1200 -0.0405 -0.2431 -0.3004 1.652878484262871E15
1 0.7432 0.6684 -0.0313 -0.6584 0.7388 0.1438 0.1193 -0.0863 0.9891 1.2043 -0.8715 9.9889 10.0989 -17.9400 17.1000 -19.1400 0.0455 -0.1007 0.0265 42.135498 0.73540336 0.7354 0.0864 -0.1200 -0.0405 -0.2431 -0.3004 1.652878484262871E15
0 0.7958 0.5492 -0.2552 -0.5211 0.8357 0.1737 0.3086 -0.0052 0.9512 3.2466 -0.0551 10.0057 10.5194 -17.9400 17.1000 -19.1400 0.1096 0.3183 0.2109 33.31418 0.58144236 0.5814 0.0052 -0.3138 -0.0026 -0.1858 -0.2807 1.652878664262871E15
1 0.7958 0.5492 -0.2552 -0.5211 0.8357 0.1737 0.3086 -0.0052 0.9512 3.2466 -0.0551 10.0057 10.5194 -18.4200 16.9800 -17.6400 0.1096 0.3183 0.2109 33.31418 0.58144236 0.5814 0.0052 -0.3138 -0.0026 -0.1858 -0.2807 1.652878664262871E15
0 0.7378 0.6617 -0.1335 -0.6694 0.7426 -0.0192 0.0864 0.1036 0.9909 0.9290 1.1133 10.6497 10.7480 -18.4200 16.9800 -17.6400 0.2648 0.7129 -0.1916 41.70096 0.72781885 0.7278 -0.1038 -0.0870 -0.0370 -0.0575 -0.2331 1.652878844262871E15
1 0.7378 0.6617 -0.1335 -0.6694 0.7426 -0.0192 0.0864 0.1036 0.9909 0.9290 1.1133 10.6497 10.7480 -19.3200 16.0800 -17.1000 0.2648 0.7129 -0.1916 41.70096 0.72781885 0.7278 -0.1038 -0.0870 -0.0370 -0.0575 -0.2331 1.652878844262871E15
0 0.5279 0.8293 0.1834 -0.8460 0.5324 0.0278 -0.0746 -0.1698 0.9826 -0.7757 -1.7670 10.2236 10.4041 -19.3200 16.0800 -17.1000 -0.9344 0.7514 1.0491 57.29895 1.0000551 1.0001 0.1707 0.0757 0.1518 0.0777 -0.4012 1.652879024262871E15
1 0.5279 0.8293 0.1834 -0.8460 0.5324 0.0278 -0.0746 -0.1698 0.9826 -0.7757 -1.7670 10.2236 10.4041 -18.3000 16.2600 -17.8800 -0.9344 0.7514 1.0491 57.29895 1.0000551 1.0001 0.1707 0.0757 0.1518 0.0777 -0.4012 1.652879024262871E15
0 0.6868 0.7256 -0.0431 -0.7161 0.6856 0.1306 0.1243 -0.0588 0.9905 1.1995 -0.5674 9.5579 9.6496 -18.3000 16.2600 -17.8800 -0.1995 -0.1178 0.1462 46.62024 0.8136765 0.8137 0.0588 -0.1248 0.1781 0.0565 -0.4372 1.652879204262871E15
1 0.6868 0.7256 -0.0431 -0.7161 0.6856 0.1306 0.1243 -0.0588 0.9905 1.1995 -0.5674 9.5579 9.6496 -17.2800 17.0400 -17.9400 -0.1995 -0.1178 0.1462 46.62024 0.8136765 0.8137 0.0588 -0.1248 0.1781 0.0565 -0.4372 1.652879204262871E15
0 0.7570 0.6425 -0.1189 -0.6331 0.7663 0.1093 0.1614 -0.0075 0.9869 1.6568 -0.0766 10.1326 10.2674 -17.2800 17.0400 -17.9400 0.4162 0.1119 -0.0713 39.977997 0.6977475 0.6977 0.0075 -0.1621 0.1653 0.0767 -0.3622 1.652879384262871E15
1 0.7570 0.6425 -0.1189 -0.6331 0.7663 0.1093 0.1614 -0.0075 0.9869 1.6568 -0.0766 10.1326 10.2674 -16.5600 16.5600 -18.4800 0.4162 0.1119 -0.0713 39.977997 0.6977475 0.6977 0.0075 -0.1621 0.1653 0.0767 -0.3622 1.652879384262871E15
0 0.7880 0.5894 -0.1779 -0.5874 0.8063 0.0699 0.1847 0.0494 0.9816 1.9609 0.5243 10.4223 10.6181 -16.5600 16.5600 -18.4800 0.0626 -0.4453 -0.2264 36.168396 0.63125753 0.6313 -0.0494 -0.1860 0.1245 -0.0035 -0.3510 1.652879564262871E15
1 0.7307 0.6812 -0.0444 -0.6440 0.7094 0.2864 0.2266 -0.1807 0.9571 2.1644 -1.7263 9.1437 9.5537 -16.5600 16.8600 -18.9000 0.0626 -0.4453 -0.2264 43.838287 0.76512235 0.7651 0.1817 -0.2324 0.1245 -0.0035 -0.3510 1.652879564262871E15
0 0.7390 0.6720 -0.0481 -0.6345 0.7182 0.2858 0.2266 -0.1807 0.9571 2.1644 -1.7263 9.1437 9.5537 -16.5600 16.8600 -18.9000 -0.0676 -0.3298 0.0173 43.09604 0.7521676 0.7522 0.1817 -0.2324 0.1276 -0.0628 -0.3631 1.652879744262871E15
0 0.8230 0.4941 -0.2803 -0.4886 0.8674 0.0947 0.2899 0.0590 0.9552 2.7414 0.5579 9.0336 9.4569 -16.5600 16.8600 -18.9000 0.1695 -0.9449 0.7320 29.67041 0.5178461 0.5178 -0.0590 -0.2946 0.2594 -0.2329 -0.3326 1.652879924262871E15
1 0.8230 0.4941 -0.2803 -0.4886 0.8674 0.0947 0.2899 0.0590 0.9552 2.7414 0.5579 9.0336 9.4569 -18.3600 16.5000 -17.7600 0.1695 -0.9449 0.7320 29.67041 0.5178461 0.5178 -0.0590 -0.2946 0.2594 -0.2329 -0.3326 1.652879924262871E15
0 0.7516 0.6316 -0.1902 -0.5935 0.7733 0.2228 0.2878 -0.0546 0.9561 3.0407 -0.5770 10.1014 10.5650 -18.3600 16.5000 -17.7600 0.1169 -0.0164 0.1004 39.240173 0.6848703 0.6849 0.0546 -0.2924 0.2775 -0.2359 -0.3116 1.652880104262871E15
1 0.7516 0.6316 -0.1902 -0.5935 0.7733 0.2228 0.2878 -0.0546 0.9561 3.0407 -0.5770 10.1014 10.5650 -19.0800 16.0800 -16.4400 0.1169 -0.0164 0.1004 39.240173 0.6848703 0.6849 0.0546 -0.2924 0.2775 -0.2359 -0.3116 1.652880104262871E15
0 0.6753 0.7346 -0.0652 -0.7291 0.6783 0.0912 0.1113 -0.0141 0.9937 1.1181 -0.1413 9.9865 10.0499 -19.0800 16.0800 -16.4400 0.0271 0.8522 0.0369 47.28244 0.8252344 0.8252 0.0141 -0.1115 0.2841 -0.0825 -0.3067 1.652880284262871E15
1 0.6753 0.7346 -0.0652 -0.7291 0.6783 0.0912 0.1113 -0.0141 0.9937 1.1181 -0.1413 9.9865 10.0499 -19.9800 16.9800 -15.6600 0.0271 0.8522 0.0369 47.28244 0.8252344 0.8252 0.0141 -0.1115 0.2841 -0.0825 -0.3067 1.652880284262871E15
0 0.6354 0.7717 0.0261 -0.7718 0.6358 -0.0106 -0.0248 -0.0134 0.9996 -0.2658 -0.1437 10.7192 10.7234 -19.9800 16.9800 -15.6600 -0.0388 1.0697 -0.4439 50.516357 0.8816767 0.8817 0.0134 0.0248 0.2044 0.1096 -0.3137 1.652880463840068E15
1 0.6354 0.7717 0.0261 -0.7718 0.6358 -0.0106 -0.0248 -0.0134 0.9996 -0.2658 -0.1437 10.7192 10.7234 -18.7200 17.3400 -15.3000 -0.0388 1.0697 -0.4439 50.516357 0.8816767 0.8817 0.0134 0.0248 0.2044 0.1096 -0.3137 1.652880463840068E15
0 0.6651 0.7461 0.0318 -0.7462 0.6656 -0.0092 -0.0280 -0.0176 0.9995 -0.2706 -0.1700 9.6561 9.6614 -18.7200 17.3400 -15.3000 0.0100 0.0538 -0.2704 48.26117 0.84231657 0.8423 0.0176 0.0280 0.1557 0.1193 -0.3119 1.652880643840068E15
1 0.6651 0.7461 0.0318 -0.7462 0.6656 -0.0092 -0.0280 -0.0176 0.9995 -0.2706 -0.1700 9.6561 9.6614 -17.4600 17.2800 -16.5600 0.0100 0.0538 -0.2704 48.26117 0.84231657 0.8423 0.0176 0.0280 0.1557 0.1193 -0.3119 1.652880643840068E15
0 0.6806 0.7313 0.0455 -0.7312 0.6818 -0.0220 -0.0471 -0.0183 0.9987 -0.4693 -0.1820 9.9410 9.9538 -17.4600 17.2800 -16.5600 0.0051 -0.0060 0.0674 47.003357 0.8203635 0.8204 0.0183 0.0472 0.1678 0.1182 -0.3109 1.652880823840068E15
1 0.6806 0.7313 0.0455 -0.7312 0.6818 -0.0220 -0.0471 -0.0183 0.9987 -0.4693 -0.1820 9.9410 9.9538 -16.2000 16.7400 -18.5400 0.0051 -0.0060 0.0674 47.003357 0.8203635 0.8204 0.0183 0.0472 0.1678 0.1182 -0.3109 1.652880823840068E15
0 0.7043 0.7095 0.0252 -0.7094 0.7047 -0.0153 -0.0286 -0.0072 0.9996 -0.2777 -0.0694 9.7040 9.7082 -16.2000 16.7400 -18.5400 0.0051 0.0007 -0.1018 45.194977 0.78880125 0.7888 0.0072 0.0286 0.1495 0.1183 -0.3100 1.652881003840068E15
1 0.7043 0.7095 0.0252 -0.7094 0.7047 -0.0153 -0.0286 -0.0072 0.9996 -0.2777 -0.0694 9.7040 9.7082 -14.8200 16.1400 -19.6800 0.0051 0.0007 -0.1018 45.194977 0.78880125 0.7888 0.0072 0.0286 0.1495 0.1183 -0.3100 1.652881003840068E15
0 0.7342 0.6789 0.0039 -0.6789 0.7342 0.0060 0.0012 -0.0070 1.0000 0.0120 -0.0694 9.8979 9.8982 -14.8200 16.1400 -19.6800 0.0015 -0.0231 0.0558 42.75891 0.74628395 0.7463 0.0070 -0.0012 0.1596 0.1142 -0.3098 1.652881183840501E15
1 0.7342 0.6789 0.0039 -0.6789 0.7342 0.0060 0.0012 -0.0070 1.0000 0.0120 -0.0694 9.8979 9.8982 -15.0600 15.8400 -19.8600 0.0015 -0.0231 0.0558 42.75891 0.74628395 0.7463 0.0070 -0.0012 0.1596 0.1142 -0.3098 1.652881183840501E15
0 0.7160 0.6980 0.0138 -0.6981 0.7160 -0.0002 -0.0100 -0.0095 0.9999 -0.0982 -0.0934 9.8261 9.8270 -15.0600 15.8400 -19.8600 -0.0114 0.0117 -0.0071 44.269012 0.77264017 0.7726 0.0095 0.0100 0.1583 0.1163 -0.3118 1.652881363840501E15
1 0.7185 0.6955 0.0099 -0.6956 0.7185 0.0043 -0.0041 -0.0100 0.9999 -0.0407 -0.0982 9.8477 9.8482 -15.2400 15.6600 -19.4400 -0.0114 0.0117 -0.0071 44.06961 0.76916 0.7692 0.0100 0.0041 0.1583 0.1163 -0.3118 1.652881363840501E15
0 0.7104 0.7037 0.0100 -0.7038 0.7104 0.0042 -0.0041 -0.0100 0.9999 -0.0407 -0.0982 9.8477 9.8482 -15.2400 15.6600 -19.4400 -0.0052 -0.0018 -0.0206 44.728546 0.7806604 0.7807 0.0100 0.0041 0.1546 0.1159 -0.3127 1.652881543840501E15
0 0.7068 0.7072 0.0156 -0.7073 0.7069 -0.0012 -0.0119 -0.0102 0.9999 -0.1173 -0.1006 9.8788 9.8800 -15.2400 15.6600 -19.4400 -0.0034 0.0037 -0.0010 45.012207 0.78561133 0.7856 0.0102 0.0119 0.1544 0.1166 -0.3134 1.652881723840501E15
1 0.7068 0.7072 0.0156 -0.7073 0.7069 -0.0012 -0.0119 -0.0102 0.9999 -0.1173 -0.1006 9.8788 9.8800 -15.1200 15.7200 -19.3800 -0.0034 0.0037 -0.0010 45.012207 0.78561133 0.7856 0.0102 0.0119 0.1544 0.1166 -0.3134 1.652881723840501E15
0 0.7123 0.7018 0.0135 -0.7019 0.7123 0.0040 -0.0068 -0.0124 0.9999 -0.0670 -0.1221 9.8692 9.8702 -15.1200 15.7200 -19.3800 0.0021 -0.0085 -0.0084 44.57303 0.77794594 0.7779 0.0124 0.0068 0.1529 0.1151 -0.3130 1.652881903840501E15
1 0.7123 0.7018 0.0135 -0.7019 0.7123 0.0040 -0.0068 -0.0124 0.9999 -0.0670 -0.1221 9.8692 9.8702 -15.2400 15.7800 -19.0200 0.0021 -0.0085 -0.0084 44.57303 0.77794594 0.7779 0.0124 0.0068 0.1529 0.1151 -0.3130 1.652881903840501E15
0 0.7177 0.6964 0.0027 -0.6964 0.7177 0.0059 0.0022 -0.0061 1.0000 0.0215 -0.0599 9.7447 9.7449 -15.2400 15.7800 -19.0200 0.0100 -0.0054 0.0008 44.137177 0.7703392 0.7703 0.0061 -0.0022 0.1530 0.1141 -0.3112 1.652882083840067E15
1 0.7177 0.6964 0.0027 -0.6964 0.7177 0.0059 0.0022 -0.0061 1.0000 0.0215 -0.0599 9.7447 9.7449 -15.3000 15.3600 -19.2600 0.0100 -0.0054 0.0008 44.137177 0.7703392 0.7703 0.0061 -0.0022 0.1530 0.1141 -0.3112 1.652882083840067E15
0 0.7015 0.7126 0.0111 -0.7127 0.7014 0.0062 -0.0034 -0.0122 0.9999 -0.0335 -0.1221 9.9674 9.9682 -15.3000 15.3600 -19.2600 -0.0065 0.0202 -0.1244 45.453156 0.7933072 0.7933 0.0123 0.0034 0.1306 0.1177 -0.3123 1.652882263840067E15
1 0.7015 0.7126 0.0111 -0.7127 0.7014 0.0062 -0.0034 -0.0122 0.9999 -0.0335 -0.1221 9.9674 9.9682 -15.6000 15.3600 -19.3200 -0.0065 0.0202 -0.1244 45.453156 0.7933072 0.7933 0.0123 0.0034 0.1306 0.1177 -0.3123 1.652882263840067E15
0 0.6932 0.7206 0.0132 -0.7207 0.6932 0.0039 -0.0063 -0.0122 0.9999 -0.0623 -0.1197 9.8357 9.8366 -15.6000 15.3600 -19.3200 -0.0059 -0.0012 0.1248 46.108795 0.80475014 0.8048 0.0122 0.0063 0.1531 0.1175 -0.3134 1.652882443840067E15
1 0.6932 0.7206 0.0132 -0.7207 0.6932 0.0039 -0.0063 -0.0122 0.9999 -0.0623 -0.1197 9.8357 9.8366 -15.7200 15.1800 -19.2600 -0.0059 -0.0012 0.1248 46.108795 0.80475014 0.8048 0.0122 0.0063 0.1531 0.1175 -0.3134 1.652882443840067E15
0 0.6804 0.7325 0.0220 -0.7327 0.6805 0.0023 -0.0133 -0.0176 0.9998 -0.1317 -0.1748 9.9003 9.9027 -15.7200 15.1800 -19.2600 -0.0101 0.0111 -0.0163 47.106262 0.82215923 0.8222 0.0177 0.0133 0.1502 0.1195 -0.3152 1.652882623840067E15
1 0.6804 0.7325 0.0220 -0.7327 0.6805 0.0023 -0.0133 -0.0176 0.9998 -0.1317 -0.1748 9.9003 9.9027 -15.9000 14.9400 -19.5000 -0.0101 0.0111 -0.0163 47.106262 0.82215923 0.8222 0.0177 0.0133 0.1502 0.1195 -0.3152 1.652882623840067E15
0 0.6753 0.7374 0.0144 -0.7376 0.6752 0.0073 -0.0044 -0.0155 0.9999 -0.0431 -0.1532 9.8740 9.8753 -15.9000 14.9400 -19.5000 -0.0034 -0.0164 0.0240 47.521088 0.8293992 0.8294 0.0155 0.0044 0.1545 0.1166 -0.3158 1.652882803840067E15
1 0.6753 0.7374 0.0144 -0.7376 0.6752 0.0073 -0.0044 -0.0155 0.9999 -0.0431 -0.1532 9.8740 9.8753 -16.3200 15.1200 -19.5000 -0.0034 -0.0164 0.0240 47.521088 0.8293992 0.8294 0.0155 0.0044 0.1545 0.1166 -0.3158 1.652882803840067E15
0 0.6612 0.7497 0.0279 -0.7495 0.6617 -0.0186 -0.0325 -0.0086 0.9994 -0.3160 -0.0838 9.7303 9.7358 -16.3200 15.1200 -19.5000 -0.0004 0.0050 0.0002 48.566315 0.8476419 0.8476 0.0086 0.0325 0.0000 0.0009 -0.0001 1.652882983840067E15
1 0.6612 0.7497 0.0279 -0.7495 0.6617 -0.0186 -0.0325 -0.0086 0.9994 -0.3160 -0.0838 9.7303 9.7358 -15.7800 15.1200 -19.7400 -0.0004 0.0050 0.0002 48.566315 0.8476419 0.8476 0.0086 0.0325 0.0000 0.0009 -0.0001 1.652882983840067E15
0 0.6803 0.7328 0.0175 -0.7329 0.6803 0.0056 -0.0078 -0.0166 0.9998 -0.0766 -0.1628 9.8141 9.8158 -15.7800 15.1200 -19.7400 0.0064 -0.0109 0.0081 47.1268 0.8225178 0.8225 0.0166 0.0078 0.0015 -0.0011 0.0011 1.652883163840067E15
1 0.6828 0.7304 0.0136 -0.7305 0.6829 0.0006 -0.0089 -0.0104 0.9999 -0.0862 -0.1006 9.7016 9.7025 -15.7200 15.7200 -19.8000 0.0064 -0.0109 0.0081 46.927063 0.8190319 0.8190 0.0104 0.0089 0.0015 -0.0011 0.0011 1.652883163840067E15
0 0.6984 0.7156 0.0136 -0.7156 0.6985 0.0009 -0.0089 -0.0104 0.9999 -0.0862 -0.1006 9.7016 9.7025 -15.7200 15.7200 -19.8000 0.0149 -0.0042 0.0924 45.6929 0.7974918 0.7975 0.0104 0.0089 0.0181 -0.0018 0.0038 1.652883343840067E15
0 0.6957 0.7182 0.0179 -0.7183 0.6956 0.0082 -0.0065 -0.0186 0.9998 -0.0646 -0.1844 9.9315 9.9334 -15.7200 15.7200 -19.8000 0.0015 0.0062 0.1627 45.912292 0.8013206 0.8013 0.0186 0.0065 0.0474 -0.0007 0.0040 1.652883523840067E15
1 0.6957 0.7182 0.0179 -0.7183 0.6956 0.0082 -0.0065 -0.0186 0.9998 -0.0646 -0.1844 9.9315 9.9334 -15.4200 15.9600 -19.8600 0.0015 0.0062 0.1627 45.912292 0.8013206 0.8013 0.0186 0.0065 0.0474 -0.0007 0.0040 1.652883523840067E15
0 0.7302 0.6830 -0.0181 -0.6831 0.7303 -0.0027 0.0114 0.0143 0.9998 0.1125 0.1413 9.8860 9.8876 -15.4200 15.9600 -19.8600 0.0314 0.0031 0.3728 43.084076 0.75195885 0.7520 -0.0143 -0.0114 0.1145 -0.0002 0.0097 1.652883703840067E15
1 0.7302 0.6830 -0.0181 -0.6831 0.7303 -0.0027 0.0114 0.0143 0.9998 0.1125 0.1413 9.8860 9.8876 -14.6400 16.1400 -20.0400 0.0314 0.0031 0.3728 43.084076 0.75195885 0.7520 -0.0143 -0.0114 0.1145 -0.0002 0.0097 1.652883703840067E15
0 0.6974 0.7137 0.0654 -0.7134 0.7000 -0.0321 -0.0687 -0.0243 0.9973 -0.6848 -0.2418 9.9410 9.9675 -14.6400 16.1400 -20.0400 0.0229 0.0153 0.5921 45.55728 0.7951245 0.7951 0.0243 0.0688 0.2211 0.0026 0.0138 1.652883883840067E15
1 0.6974 0.7137 0.0654 -0.7134 0.7000 -0.0321 -0.0687 -0.0243 0.9973 -0.6848 -0.2418 9.9410 9.9675 -14.1000 16.7400 -19.9200 0.0229 0.0153 0.5921 45.55728 0.7951245 0.7951 0.0243 0.0688 0.2211 0.0026 0.0138 1.652883883840067E15
0 0.7754 0.6312 -0.0185 -0.6314 0.7751 -0.0231 -0.0002 0.0295 0.9996 -0.0024 0.2849 9.6393 9.6436 -14.1000 16.7400 -19.9200 0.1175 0.0166 0.8872 39.156647 0.6834122 0.6834 -0.0295 0.0002 0.3808 0.0056 0.0350 1.652884063840067E15
1 0.7754 0.6312 -0.0185 -0.6314 0.7751 -0.0231 -0.0002 0.0295 0.9996 -0.0024 0.2849 9.6393 9.6436 -13.2000 16.9800 -19.9200 0.1175 0.0166 0.8872 39.156647 0.6834122 0.6834 -0.0295 0.0002 0.3808 0.0056 0.0350 1.652884063840067E15
0 0.7491 0.6593 0.0656 -0.6558 0.7519 -0.0675 -0.0938 0.0075 0.9956 -0.9266 0.0742 9.8357 9.8795 -13.2000 16.9800 -19.9200 0.0461 0.0593 1.2128 41.244293 0.7198488 0.7198 -0.0075 0.0939 0.5991 0.0163 0.0432 1.652884243840067E15
1 0.7491 0.6593 0.0656 -0.6558 0.7519 -0.0675 -0.0938 0.0075 0.9956 -0.9266 0.0742 9.8357 9.8795 -11.1000 18.0600 -19.9800 0.0461 0.0593 1.2128 41.244293 0.7198488 0.7198 -0.0075 0.0939 0.5991 0.0163 0.0432 1.652884243840067E15
0 0.8727 0.4862 -0.0454 -0.4879 0.8718 -0.0431 0.0186 0.0598 0.9980 0.1844 0.5938 9.9123 9.9318 -11.1000 18.0600 -19.9800 -0.0841 0.0575 1.5078 29.14737 0.5087175 0.5087 -0.0598 -0.0186 0.8705 0.0266 0.0281 1.652884423840067E15
1 0.8727 0.4862 -0.0454 -0.4879 0.8718 -0.0431 0.0186 0.0598 0.9980 0.1844 0.5938 9.9123 9.9318 -7.9800 19.4400 -19.8000 -0.0841 0.0575 1.5078 29.14737 0.5087175 0.5087 -0.0598 -0.0186 0.8705 0.0266 0.0281 1.652884423840067E15
0 0.9177 0.3967 0.0196 -0.3961 0.9178 -0.0279 -0.0291 0.0179 0.9994 -0.2921 0.1796 10.0464 10.0522 -7.9800 19.4400 -19.8000 -0.1671 0.0434 1.6172 23.375061 0.4079718 0.4080 -0.0179 0.0291 1.1616 0.0344 -0.0020 1.652884603840067E15
1 0.9177 0.3967 0.0196 -0.3961 0.9178 -0.0279 -0.0291 0.0179 0.9994 -0.2921 0.1796 10.0464 10.0522 -3.9600 20.3400 -19.2600 -0.1671 0.0434 1.6172 23.375061 0.4079718 0.4080 -0.0179 0.0291 1.1616 0.0344 -0.0020 1.652884603840067E15
0 0.9645 0.2544 0.0703 -0.2540 0.9671 -0.0147 -0.0717 -0.0037 0.9974 -0.6991 -0.0359 9.7208 9.7459 -3.9600 20.3400 -19.2600 -0.0065 0.0080 1.4357 14.736145 0.25719404 0.2572 0.0037 0.0718 1.4200 0.0359 -0.0031 1.652884783840067E15
1 0.9645 0.2544 0.0703 -0.2540 0.9671 -0.0147 -0.0717 -0.0037 0.9974 -0.6991 -0.0359 9.7208 9.7459 1.2600 20.4600 -19.0800 -0.0065 0.0080 1.4357 14.736145 0.25719404 0.2572 0.0037 0.0718 1.4200 0.0359 -0.0031 1.652884783840067E15
0 0.9990 -0.0349 0.0285 0.0354 0.9993 -0.0156 -0.0280 0.0166 0.9995 -0.2706 0.1604 9.6633 9.6684 1.2600 20.4600 -19.0800 -0.0333 0.0086 2.0228 357.99982 -0.03490956 -0.0349 -0.0166 0.0280 1.7841 0.0374 -0.0091 1.652884963840067E15
1 0.9918 -0.1141 -0.0569 0.1103 0.9917 -0.0664 0.0640 0.0596 0.9962 0.7063 0.6584 10.9993 11.0416 5.8200 19.0200 -18.6600 -0.0333 0.0086 2.0228 353.43622 -0.114559546 -0.1146 -0.0597 -0.0641 1.7841 0.0374 -0.0091 1.652884963840067E15
0 0.9435 -0.3288 -0.0409 0.3251 0.9425 -0.0773 0.0640 0.0596 0.9962 0.7063 0.6584 10.9993 11.0416 5.8200 19.0200 -18.6600 0.0167 0.0440 2.3850 340.76645 -0.33568883 -0.3357 -0.0597 -0.0641 2.2134 0.0453 -0.0061 1.652885143840067E15
0 0.9650 -0.2597 0.0363 0.2607 0.9651 -0.0266 -0.0281 0.0351 0.9990 -0.2610 0.3256 9.2706 9.2800 5.8200 19.0200 -18.6600 0.0229 0.0654 1.9959 344.93903 -0.2628637 -0.2629 -0.0351 0.0281 2.5727 0.0571 -0.0020 1.652885323840067E15
1 0.9650 -0.2597 0.0363 0.2607 0.9651 -0.0266 -0.0281 0.0351 0.9990 -0.2610 0.3256 9.2706 9.2800 10.3200 15.7200 -18.2400 0.0229 0.0654 1.9959 344.93903 -0.2628637 -0.2629 -0.0351 0.0281 2.5727 0.0571 -0.0020 1.652885323840067E15
0 0.8465 -0.5320 0.0204 0.5321 0.8467 0.0007 -0.0177 0.0102 0.9998 -0.1820 0.1053 10.2978 10.2999 10.3200 15.7200 -18.2400 -0.0853 0.0569 1.5884 327.85522 -0.5610321 -0.5610 -0.0102 0.0177 2.8586 0.0674 -0.0174 1.652885503840067E15
1 0.8465 -0.5320 0.0204 0.5321 0.8467 0.0007 -0.0177 0.0102 0.9998 -0.1820 0.1053 10.2978 10.2999 13.8600 11.1000 -18.4200 -0.0853 0.0569 1.5884 327.85522 -0.5610321 -0.5610 -0.0102 0.0177 2.8586 0.0674 -0.0174 1.652885503840067E15
0 0.6364 -0.7712 0.0141 0.7710 0.6354 -0.0418 0.0233 0.0375 0.9990 0.2322 0.3735 9.9554 9.9651 13.8600 11.1000 -18.4200 -0.0169 0.1076 2.3184 309.48563 -0.8816421 -0.8816 -0.0375 -0.0233 3.2759 0.0867 -0.0204 1.6528856838405E15
1 0.6364 -0.7712 0.0141 0.7710 0.6354 -0.0418 0.0233 0.0375 0.9990 0.2322 0.3735 9.9554 9.9651 15.8400 5.5200 -18.3600 -0.0169 0.1076 2.3184 309.48563 -0.8816421 -0.8816 -0.0375 -0.0233 3.2759 0.0867 -0.0204 1.6528856838405E15
0 0.3429 -0.9393 0.0135 0.9394 0.3429 -0.0047 -0.0002 0.0142 0.9999 -0.0024 0.1437 10.0919 10.0929 15.8400 5.5200 -18.3600 -0.0541 0.1216 2.6587 290.05466 -1.2207763 -1.2208 -0.0142 0.0002 3.7545 0.1086 -0.0301 1.6528858638405E15
1 0.3429 -0.9393 0.0135 0.9394 0.3429 -0.0047 -0.0002 0.0142 0.9999 -0.0024 0.1437 10.0919 10.0929 16.0800 -1.3200 -18.9000 -0.0541 0.1216 2.6587 290.05466 -1.2207763 -1.2208 -0.0142 0.0002 3.7545 0.1086 -0.0301 1.6528858638405E15
0 -0.0393 -0.9986 0.0363 0.9953 -0.0423 -0.0875 0.0889 0.0327 0.9955 0.8787 0.3232 9.8381 9.8825 16.0800 -1.3200 -18.9000 -0.0511 0.1516 3.1040 267.57214 -1.6131705 -1.6132 -0.0327 -0.0891 4.3132 0.1359 -0.0393 1.6528860438405E15
1 -0.0393 -0.9986 0.0363 0.9953 -0.0423 -0.0875 0.0889 0.0327 0.9955 0.8787 0.3232 9.8381 9.8825 12.7200 -7.5000 -19.3800 -0.0511 0.1516 3.1040 267.57214 -1.6131705 -1.6132 -0.0327 -0.0891 4.3132 0.1359 -0.0393 1.6528860438405E15
0 -0.4919 -0.8705 0.0140 0.8705 -0.4921 -0.0071 0.0131 0.0087 0.9999 0.1293 0.0862 9.9003 9.9015 12.7200 -7.5000 -19.3800 -0.0614 0.1448 2.8633 240.5225 -2.0852757 -2.0853 -0.0087 -0.0131 4.8286 0.1620 -0.0504 1.6528862238405E15
1 -0.4919 -0.8705 0.0140 0.8705 -0.4921 -0.0071 0.0131 0.0087 0.9999 0.1293 0.0862 9.9003 9.9015 5.8800 -11.7600 -19.9200 -0.0614 0.1448 2.8633 240.5225 -2.0852757 -2.0853 -0.0087 -0.0131 4.8286 0.1620 -0.0504 1.6528862238405E15
0 -0.8753 -0.4828 0.0267 0.4829 -0.8757 -0.0025 0.0245 0.0107 0.9996 0.2466 0.1077 10.0512 10.0548 5.8800 -11.7600 -19.9200 -0.0657 0.1412 2.8218 208.87064 -2.637705 -2.6377 -0.0107 -0.0245 5.3365 0.1874 -0.0622 1.6528864038405E15
1 -0.8753 -0.4828 0.0267 0.4829 -0.8757 -0.0025 0.0245 0.0107 0.9996 0.2466 0.1077 10.0512 10.0548 -2.9400 -12.3000 -20.3400 -0.0657 0.1412 2.8218 208.87064 -2.637705 -2.6377 -0.0107 -0.0245 5.3365 0.1874 -0.0622 1.6528864038405E15
0 -0.9672 0.2537 -0.0136 -0.2540 -0.9668 0.0277 -0.0061 0.0302 0.9995 -0.0599 0.2945 9.7471 9.7517 -2.9400 -12.3000 -20.3400 -0.0413 0.1259 2.7094 165.29779 2.884991 2.8850 -0.0302 0.0061 5.8242 0.2100 -0.0696 1.652886583840066E15
1 -0.9672 0.2537 -0.0136 -0.2540 -0.9668 0.0277 -0.0061 0.0302 0.9995 -0.0599 0.2945 9.7471 9.7517 -11.2200 -8.0400 -20.3400 -0.0413 0.1259 2.7094 165.29779 2.884991 2.8850 -0.0302 0.0061 5.8242 0.2100 -0.0696 1.652886583840066E15
0 -0.5354 0.8437 -0.0382 -0.8444 -0.5358 0.0009 -0.0197 0.0327 0.9993 -0.1915 0.3184 9.7303 9.7374 -11.2200 -8.0400 -20.3400 -0.0456 0.1088 2.2244 122.41681 2.1365764 2.1366 -0.0327 0.0197 6.2246 0.2296 -0.0779 1.652886763840066E15
1 -0.6109 0.7913 0.0242 -0.7911 -0.6114 0.0200 0.0306 -0.0070 0.9995 0.2945 -0.0670 9.6154 9.6202 -16.0800 -0.6600 -20.5200 -0.0456 0.1088 2.2244 127.69116 2.2286313 2.2286 0.0070 -0.0306 6.2246 0.2296 -0.0779 1.652886763840066E15
0 -0.0519 0.9986 0.0086 -0.9982 -0.0521 0.0302 0.0306 -0.0070 0.9995 0.2945 -0.0670 9.6154 9.6202 -16.0800 -0.6600 -20.5200 -0.0657 0.1522 3.3013 92.98871 1.6229589 1.6230 0.0070 -0.0306 6.8188 0.2570 -0.0897 1.652886943840066E15
0 -0.0438 0.9990 0.0022 -0.9988 -0.0439 0.0232 0.0232 -0.0012 0.9997 0.2346 -0.0120 10.0943 10.0970 -16.0800 -0.6600 -20.5200 -0.0694 0.1577 3.2696 92.51358 1.6146667 1.6147 0.0012 -0.0232 7.4074 0.2854 -0.1022 1.652887123840066E15
1 -0.0438 0.9990 0.0022 -0.9988 -0.0439 0.0232 0.0232 -0.0012 0.9997 0.2346 -0.0120 10.0943 10.0970 -15.6000 8.3400 -20.7000 -0.0694 0.1577 3.2696 92.51358 1.6146667 1.6147 0.0012 -0.0232 7.4074 0.2854 -0.1022 1.652887123840066E15
0 0.4859 0.8739 -0.0141 -0.8740 0.4858 -0.0072 0.0005 0.0158 0.9999 0.0048 0.1508 9.5388 9.5400 -15.6000 8.3400 -20.7000 -0.0669 0.1369 3.1620 60.929993 1.0634292 1.0634 -0.0158 -0.0005 7.9765 0.3100 -0.1142 1.652887303840066E15
1 0.4859 0.8739 -0.0141 -0.8740 0.4858 -0.0072 0.0005 0.0158 0.9999 0.0048 0.1508 9.5388 9.5400 -9.7200 14.8200 -20.0400 -0.0669 0.1369 3.1620 60.929993 1.0634292 1.0634 -0.0158 -0.0005 7.9765 0.3100 -0.1142 1.652887303840066E15
0 0.8729 0.4834 -0.0659 -0.4856 0.8739 -0.0214 0.0472 0.0506 0.9976 0.4645 0.4980 9.8093 9.8330 -9.7200 14.8200 -20.0400 -0.0553 0.1271 2.8762 28.950317 0.50527835 0.5053 -0.0507 -0.0473 8.4942 0.3329 -0.1242 1.652887483840066E15
1 0.8729 0.4834 -0.0659 -0.4856 0.8739 -0.0214 0.0472 0.0506 0.9976 0.4645 0.4980 9.8093 9.8330 -1.3800 17.0400 -19.6200 -0.0553 0.1271 2.8762 28.950317 0.50527835 0.5053 -0.0507 -0.0473 8.4942 0.3329 -0.1242 1.652887483840066E15
0 0.9964 0.0852 0.0039 -0.0850 0.9954 -0.0444 -0.0077 0.0439 0.9990 -0.0742 0.4238 9.6441 9.6537 -1.3800 17.0400 -19.6200 -0.0388 0.0954 2.2476 4.892761 0.08539463 0.0854 -0.0439 0.0077 8.8988 0.3501 -0.1312 1.652887663840066E15
1 0.9964 0.0852 0.0039 -0.0850 0.9954 -0.0444 -0.0077 0.0439 0.9990 -0.0742 0.4238 9.6441 9.6537 6.9000 15.1800 -18.8400 -0.0388 0.0954 2.2476 4.892761 0.08539463 0.0854 -0.0439 0.0077 8.8988 0.3501 -0.1312 1.652887663840066E15
0 0.9345 -0.3511 0.0593 0.3528 0.9354 -0.0218 -0.0478 0.0414 0.9980 -0.4765 0.4118 9.9386 9.9586 6.9000 15.1800 -18.8400 -0.0346 0.0990 2.0698 339.42712 -0.35906446 -0.3591 -0.0414 0.0479 9.2714 0.3679 -0.1374 1.652887843840066E15
1 0.9345 -0.3511 0.0593 0.3528 0.9354 -0.0218 -0.0478 0.0414 0.9980 -0.4765 0.4118 9.9386 9.9586 13.1400 9.5400 -18.7800 -0.0346 0.0990 2.0698 339.42712 -0.35906446 -0.3591 -0.0414 0.0479 9.2714 0.3679 -0.1374 1.652887843840066E15
0 0.5948 -0.8038 0.0079 0.8033 0.5940 -0.0424 0.0294 0.0315 0.9991 0.2993 0.3208 10.1661 10.1756 13.1400 9.5400 -18.7800 -0.0547 0.1479 3.0466 306.46518 -0.9343589 -0.9344 -0.0315 -0.0294 9.8198 0.3945 -0.1472 1.652888023840066E15
1 0.5948 -0.8038 0.0079 0.8033 0.5940 -0.0424 0.0294 0.0315 0.9991 0.2993 0.3208 10.1661 10.1756 15.0600 2.1000 -19.4400 -0.0547 0.1479 3.0466 306.46518 -0.9343589 -0.9344 -0.0315 -0.0294 9.8198 0.3945 -0.1472 1.652888023840066E15
0 0.1378 -0.9905 -0.0003 0.9894 0.1376 -0.0473 0.0469 0.0063 0.9989 0.4477 0.0599 9.5340 9.5447 15.0600 2.1000 -19.4400 -0.0724 0.1638 3.4473 277.91168 -1.4327112 -1.4327 -0.0063 -0.0469 10.4403 0.4240 -0.1603 1.652888203840066E15
1 0.1378 -0.9905 -0.0003 0.9894 0.1376 -0.0473 0.0469 0.0063 0.9989 0.4477 0.0599 9.5340 9.5447 12.8400 -4.7400 -20.0400 -0.0724 0.1638 3.4473 277.91168 -1.4327112 -1.4327 -0.0063 -0.0469 10.4403 0.4240 -0.1603 1.652888203840066E15
0 -0.3188 -0.9476 0.0199 0.9472 -0.3193 -0.0285 0.0334 0.0097 0.9994 0.3376 0.0982 10.1038 10.1100 12.8400 -4.7400 -20.0400 -0.0822 0.1809 3.6232 251.37895 -1.895795 -1.8958 -0.0097 -0.0334 11.0925 0.4566 -0.1751 1.652888383840066E15
1 -0.3188 -0.9476 0.0199 0.9472 -0.3193 -0.0285 0.0334 0.0097 0.9994 0.3376 0.0982 10.1038 10.1100 6.0000 -9.4800 -20.4600 -0.0822 0.1809 3.6232 251.37895 -1.895795 -1.8958 -0.0097 -0.0334 11.0925 0.4566 -0.1751 1.652888383840066E15
0 -0.8178 -0.5748 0.0265 0.5749 -0.8182 -0.0057 0.0249 0.0106 0.9996 0.2418 0.1030 9.6944 9.6980 6.0000 -9.4800 -20.4600 -0.0676 0.1277 3.0081 215.08984 -2.5291593 -2.5292 -0.0106 -0.0249 11.6339 0.4796 -0.1872 1.652888563840066E15
1 -0.8227 -0.5681 0.0220 0.5685 -0.8223 0.0259 0.0033 0.0338 0.9994 0.0335 0.3400 10.0440 10.0498 -2.8200 -9.9600 -20.6400 -0.0676 0.1277 3.0081 214.64066 -2.5369992 -2.5370 -0.0338 -0.0033 11.6339 0.4796 -0.1872 1.652888563840066E15
0 -0.9586 0.2848 -0.0064 -0.2848 -0.9580 0.0334 0.0033 0.0338 0.9994 0.0335 0.3400 10.0440 10.0498 -2.8200 -9.9600 -20.6400 -0.0523 0.1479 2.8218 163.44635 2.8526769 2.8527 -0.0338 -0.0033 12.1418 0.5062 -0.1967 1.652888743840066E15
0 -0.9633 0.2683 0.0022 -0.2682 -0.9632 0.0194 0.0073 0.0181 0.9998 0.0742 0.1844 10.1733 10.1752 -2.8200 -9.9600 -20.6400 -0.0547 0.1283 2.9776 164.43646 2.8699572 2.8700 -0.0181 -0.0073 12.6778 0.5293 -0.2065 1.652888923840066E15
1 -0.9633 0.2683 0.0022 -0.2682 -0.9632 0.0194 0.0073 0.0181 0.9998 0.0742 0.1844 10.1733 10.1752 -11.1000 -5.7000 -21.0600 -0.0547 0.1283 2.9776 164.43646 2.8699572 2.8700 -0.0181 -0.0073 12.6778 0.5293 -0.2065 1.652888923840066E15
0 -0.4434 0.8963 -0.0089 -0.8963 -0.4435 -0.0040 -0.0075 0.0062 1.0000 -0.0790 0.0646 10.4750 10.4755 -11.1000 -5.7000 -21.0600 -0.0706 0.1619 3.3618 116.32507 2.0302558 2.0303 -0.0062 0.0075 13.2829 0.5584 -0.2192 1.652889103840066E15
1 -0.4434 0.8963 -0.0089 -0.8963 -0.4435 -0.0040 -0.0075 0.0062 1.0000 -0.0790 0.0646 10.4750 10.4755 -15.2400 2.2200 -21.2400 -0.0706 0.1619 3.3618 116.32507 2.0302558 2.0303 -0.0062 0.0075 13.2829 0.5584 -0.2192 1.652889103840066E15
0 0.1821 0.9829 -0.0279 -0.9826 0.1829 0.0313 0.0359 0.0217 0.9991 0.3831 0.2322 10.6737 10.6831 -15.2400 2.2200 -21.2400 -0.0663 0.1509 3.2445 79.45691 1.3867848 1.3868 -0.0217 -0.0359 13.8669 0.5856 -0.2312 1.652889283840066E15
1 0.1821 0.9829 -0.0279 -0.9826 0.1829 0.0313 0.0359 0.0217 0.9991 0.3831 0.2322 10.6737 10.6831 -12.9000 10.8600 -21.2400 -0.0663 0.1509 3.2445 79.45691 1.3867848 1.3868 -0.0217 -0.0359 13.8669 0.5856 -0.2312 1.652889283840066E15
0 0.6285 0.7777 0.0159 -0.7775 0.6287 -0.0143 -0.0211 -0.0034 0.9998 -0.2083 -0.0335 9.8692 9.8715 -12.9000 10.8600 -21.2400 -0.0382 0.1119 2.9244 51.046906 0.8909365 0.8909 0.0034 0.0211 14.3933 0.6057 -0.2380 1.652889463840066E15
1 0.6285 0.7777 0.0159 -0.7775 0.6287 -0.0143 -0.0211 -0.0034 0.9998 -0.2083 -0.0335 9.8692 9.8715 -6.0600 16.0200 -20.4600 -0.0382 0.1119 2.9244 51.046906 0.8909365 0.8909 0.0034 0.0211 14.3933 0.6057 -0.2380 1.652889463840066E15
0 0.9311 0.3646 0.0097 -0.3642 0.9309 -0.0287 -0.0195 0.0232 0.9995 -0.1987 0.2370 10.2092 10.2139 -6.0600 16.0200 -20.4600 -0.0602 0.1473 2.6764 21.386719 0.37326846 0.3733 -0.0232 0.0195 14.8751 0.6322 -0.2489 1.652889643840066E15
1 0.9311 0.3646 0.0097 -0.3642 0.9309 -0.0287 -0.0195 0.0232 0.9995 -0.1987 0.2370 10.2092 10.2139 2.7000 17.2200 -19.3800 -0.0602 0.1473 2.6764 21.386719 0.37326846 0.3733 -0.0232 0.0195 14.8751 0.6322 -0.2489 1.652889643840066E15
0 0.9853 -0.1705 -0.0142 0.1704 0.9854 -0.0058 0.0150 0.0033 0.9999 0.1508 0.0335 10.0536 10.0547 2.7000 17.2200 -19.3800 -0.0474 0.1314 2.9305 350.1842 -0.17131776 -0.1713 -0.0033 -0.0150 15.4026 0.6559 -0.2574 1.652889823840066E15
1 0.9853 -0.1705 -0.0142 0.1704 0.9854 -0.0058 0.0150 0.0033 0.9999 0.1508 0.0335 10.0536 10.0547 10.2600 13.0200 -18.4200 -0.0474 0.1314 2.9305 350.1842 -0.17131776 -0.1713 -0.0033 -0.0150 15.4026 0.6559 -0.2574 1.652889823840066E15
0 0.7744 -0.6325 -0.0158 0.6317 0.7743 -0.0390 0.0369 0.0202 0.9991 0.3448 0.1891 9.3401 9.3483 10.2600 13.0200 -18.4200 -0.0443 0.1583 3.4412 320.75293 -0.68499035 -0.6850 -0.0202 -0.0369 16.0220 0.6844 -0.2654 1.652890003840066E15
1 0.7744 -0.6325 -0.0158 0.6317 0.7743 -0.0390 0.0369 0.0202 0.9991 0.3448 0.1891 9.3401 9.3483 14.1600 5.6400 -18.6000 -0.0443 0.1583 3.4412 320.75293 -0.68499035 -0.6850 -0.0202 -0.0369 16.0220 0.6844 -0.2654 1.652890003840066E15
0 0.3425 -0.9392 -0.0241 0.9390 0.3414 0.0410 -0.0303 -0.0366 0.9989 -0.3065 -0.3711 10.1182 10.1296 14.1600 5.6400 -18.6000 -0.0578 0.1784 3.5768 289.9735 -1.2221929 -1.2222 0.0366 0.0303 16.6658 0.7165 -0.2758 1.652890183840499E15
1 0.3425 -0.9392 -0.0241 0.9390 0.3414 0.0410 -0.0303 -0.0366 0.9989 -0.3065 -0.3711 10.1182 10.1296 12.9000 -2.8800 -19.1400 -0.0578 0.1784 3.5768 289.9735 -1.2221929 -1.2222 0.0366 0.0303 16.6658 0.7165 -0.2758 1.652890183840499E15
0 -0.1962 -0.9804 0.0153 0.9805 -0.1963 -0.0049 0.0078 0.0140 0.9999 0.0790 0.1413 10.0895 10.0908 12.9000 -2.8800 -19.1400 -0.0706 0.1900 3.7717 258.67615 -1.768435 -1.7684 -0.0140 -0.0078 17.3447 0.7507 -0.2885 1.652890363840499E15
1 -0.2939 -0.9543 -0.0545 0.9558 -0.2933 -0.0200 0.0031 -0.0580 0.9983 0.0335 -0.6345 10.9275 10.9459 6.5400 -9.3000 -19.8000 -0.0706 0.1900 3.7717 252.91733 -1.8689452 -1.8689 0.0580 -0.0031 17.3447 0.7507 -0.2885 1.652890363840499E15
0 -0.8451 -0.5338 -0.0284 0.5346 -0.8436 -0.0506 0.0031 -0.0580 0.9983 0.0335 -0.6345 10.9275 10.9459 6.5400 -9.3000 -19.8000 -0.0731 0.1393 2.9678 212.32573 -2.577402 -2.5774 0.0580 -0.0031 17.8789 0.7758 -0.3017 1.652890543840499E15
0 -0.8019 -0.5972 0.0156 0.5974 -0.8017 0.0210 0.0000 0.0262 0.9997 0.0000 0.2490 9.5148 9.5181 6.5400 -9.3000 -19.8000 -0.0480 0.1430 2.9385 216.68517 -2.5013158 -2.5013 -0.0262 -0.0000 18.4078 0.8015 -0.3103 1.652890723840499E15
1 -0.8019 -0.5972 0.0156 0.5974 -0.8017 0.0210 0.0000 0.0262 0.9997 0.0000 0.2490 9.5148 9.5181 -2.4000 -10.5600 -20.4000 -0.0480 0.1430 2.9385 216.68517 -2.5013158 -2.5013 -0.0262 -0.0000 18.4078 0.8015 -0.3103 1.652890723840499E15
0 -0.9632 0.2675 -0.0251 -0.2686 -0.9596 0.0840 -0.0016 0.0877 0.9961 -0.0168 0.8979 10.1972 10.2367 -2.4000 -10.5600 -20.4000 -0.0474 0.1235 2.6813 164.42462 2.8697507 2.8698 -0.0878 0.0016 18.8905 0.8238 -0.3188 1.652890903840499E15
1 -0.9632 0.2675 -0.0251 -0.2686 -0.9596 0.0840 -0.0016 0.0877 0.9961 -0.0168 0.8979 10.1972 10.2367 -10.8600 -7.2000 -20.5800 -0.0474 0.1235 2.6813 164.42462 2.8697507 2.8698 -0.0878 0.0016 18.8905 0.8238 -0.3188 1.652890903840499E15
0 -0.5224 0.8524 -0.0226 -0.8524 -0.5227 -0.0146 -0.0242 0.0116 0.9996 -0.2490 0.1197 10.2786 10.2823 -10.8600 -7.2000 -20.5800 -0.0511 0.1265 2.8187 121.51666 2.120866 2.1209 -0.0116 0.0242 19.3978 0.8465 -0.3280 1.652891083840065E15
1 -0.5224 0.8524 -0.0226 -0.8524 -0.5227 -0.0146 -0.0242 0.0116 0.9996 -0.2490 0.1197 10.2786 10.2823 -15.4800 0.7800 -21.1200 -0.0511 0.1265 2.8187 121.51666 2.120866 2.1209 -0.0116 0.0242 19.3978 0.8465 -0.3280 1.652891083840065E15
0 0.0128 0.9995 0.0275 -0.9998 0.0132 -0.0156 -0.0160 -0.0273 0.9995 -0.1580 -0.2706 9.8955 9.9005 -15.4800 0.7800 -21.1200 -0.0657 0.1644 3.2146 89.241486 1.5575576 1.5576 0.0273 0.0160 19.9765 0.8761 -0.3399 1.652891263840065E15
1 0.0128 0.9995 0.0275 -0.9998 0.0132 -0.0156 -0.0160 -0.0273 0.9995 -0.1580 -0.2706 9.8955 9.9005 -14.2800 10.0200 -21.1800 -0.0657 0.1644 3.2146 89.241486 1.5575576 1.5576 0.0273 0.0160 19.9765 0.8761 -0.3399 1.652891263840065E15
0 0.5740 0.8189 0.0004 -0.8189 0.5739 0.0080 0.0063 -0.0049 1.0000 0.0670 -0.0527 10.6426 10.6429 -14.2800 10.0200 -21.1800 -0.0761 0.1735 3.7130 54.974823 0.9594919 0.9595 0.0049 -0.0063 20.6448 0.9074 -0.3536 1.652891443840065E15
1 0.5740 0.8189 0.0004 -0.8189 0.5739 0.0080 0.0063 -0.0049 1.0000 0.0670 -0.0527 10.6426 10.6429 -7.6200 15.6600 -20.8200 -0.0761 0.1735 3.7130 54.974823 0.9594919 0.9595 0.0049 -0.0063 20.6448 0.9074 -0.3536 1.652891443840065E15
0 0.9243 0.3779 -0.0541 -0.3798 0.9245 -0.0317 0.0380 0.0498 0.9980 0.3615 0.4741 9.4957 9.5144 -7.6200 15.6600 -20.8200 -0.0627 0.1546 3.6990 22.231293 0.38800928 0.3880 -0.0498 -0.0381 21.3106 0.9352 -0.3648 1.652891623840065E15
1 0.9243 0.3779 -0.0541 -0.3798 0.9245 -0.0317 0.0380 0.0498 0.9980 0.3615 0.4741 9.4957 9.5144 1.7400 16.5000 -19.6800 -0.0627 0.1546 3.6990 22.231293 0.38800928 0.3880 -0.0498 -0.0381 21.3106 0.9352 -0.3648 1.652891623840065E15
0 0.9977 -0.0467 0.0491 0.0464 0.9989 0.0079 -0.0494 -0.0057 0.9988 -0.4812 -0.0551 9.7327 9.7448 1.7400 16.5000 -19.6800 -0.0578 0.1503 3.0050 357.32404 -0.046704423 -0.0467 0.0057 0.0494 21.8515 0.9623 -0.3752 1.652891803840065E15
1 0.9977 -0.0467 0.0491 0.0464 0.9989 0.0079 -0.0494 -0.0057 0.9988 -0.4812 -0.0551 9.7327 9.7448 9.9000 12.4200 -18.7800 -0.0578 0.1503 3.0050 357.32404 -0.046704423 -0.0467 0.0057 0.0494 21.8515 0.9623 -0.3752 1.652891803840065E15
0 0.7702 -0.6376 -0.0156 0.6364 0.7700 -0.0458 0.0412 0.0253 0.9988 0.4286 0.2634 10.3912 10.4033 9.9000 12.4200 -18.7800 -0.0639 0.1900 4.1724 320.37454 -0.6915945 -0.6916 -0.0253 -0.0412 22.6026 0.9965 -0.3867 1.652891983840065E15
1 0.7702 -0.6376 -0.0156 0.6364 0.7700 -0.0458 0.0412 0.0253 0.9988 0.4286 0.2634 10.3912 10.4033 14.0400 3.1200 -18.9600 -0.0639 0.1900 4.1724 320.37454 -0.6915945 -0.6916 -0.0253 -0.0412 22.6026 0.9965 -0.3867 1.652891983840065E15
0 0.2134 -0.9770 -0.0027 0.9769 0.2134 -0.0124 0.0127 0.0000 0.9999 0.1317 0.0000 10.3457 10.3465 14.0400 3.1200 -18.9600 -0.0828 0.1998 4.0918 282.3246 -1.3556918 -1.3557 -0.0000 -0.0127 23.3391 1.0324 -0.4016 1.652892163840065E15
1 0.2134 -0.9770 -0.0027 0.9769 0.2134 -0.0124 0.0127 0.0000 0.9999 0.1317 0.0000 10.3457 10.3465 10.4400 -5.1000 -19.0200 -0.0828 0.1998 4.0918 282.3246 -1.3556918 -1.3557 -0.0000 -0.0127 23.3391 1.0324 -0.4016 1.652892163840065E15
0 -0.4308 -0.9024 0.0055 0.9023 -0.4309 -0.0115 0.0127 0.0000 0.9999 0.1317 0.0000 10.3457 10.3465 10.4400 -5.1000 -19.0200 -0.0779 0.1809 3.7472 244.47679 -2.0162604 -2.0163 -0.0000 -0.0127 24.0136 1.0650 -0.4157 1.652892343840065E15
0 -0.3798 -0.9242 0.0394 0.9217 -0.3817 -0.0688 0.0786 0.0102 0.9969 0.7590 0.0982 9.6274 9.6577 10.4400 -5.1000 -19.0200 -0.0847 0.1705 3.6611 247.561 -1.9624306 -1.9624 -0.0102 -0.0787 24.6726 1.0957 -0.4309 1.652892523840065E15
1 -0.3798 -0.9242 0.0394 0.9217 -0.3817 -0.0688 0.0786 0.0102 0.9969 0.7590 0.0982 9.6274 9.6577 1.5600 -9.3000 -20.2200 -0.0847 0.1705 3.6611 247.561 -1.9624306 -1.9624 -0.0102 -0.0787 24.6726 1.0957 -0.4309 1.652892523840065E15
0 -0.9905 -0.1371 -0.0133 0.1369 -0.9905 0.0147 -0.0152 0.0128 0.9998 -0.1484 0.1245 9.7423 9.7442 1.5600 -9.3000 -20.2200 -0.0450 0.1259 2.6153 187.88303 -3.0040078 -3.0040 -0.0128 0.0152 25.1434 1.1183 -0.4390 1.652892703840065E15
1 -0.9905 -0.1371 -0.0133 0.1369 -0.9905 0.0147 -0.0152 0.0128 0.9998 -0.1484 0.1245 9.7423 9.7442 -7.9800 -7.6800 -20.8200 -0.0450 0.1259 2.6153 187.88303 -3.0040078 -3.0040 -0.0128 0.0152 25.1434 1.1183 -0.4390 1.652892703840065E15
0 -0.7383 0.6736 0.0345 -0.6640 -0.7349 0.1379 0.1182 0.0789 0.9898 1.2809 0.8548 10.7240 10.8340 -7.9800 -7.6800 -20.8200 -0.0419 0.1296 3.0002 137.49033 2.399659 2.3997 -0.0790 -0.1189 25.6834 1.1417 -0.4465 1.652892883840065E15
1 -0.7383 0.6736 0.0345 -0.6640 -0.7349 0.1379 0.1182 0.0789 0.9898 1.2809 0.8548 10.7240 10.8340 -14.4600 0.0600 -21.1800 -0.0419 0.1296 3.0002 137.49033 2.399659 2.3997 -0.0790 -0.1189 25.6834 1.1417 -0.4465 1.652892883840065E15
0 -0.0023 1.0000 0.0044 -0.9965 -0.0019 -0.0835 -0.0835 -0.0046 0.9965 -0.7853 -0.0431 9.3712 9.4041 -14.4600 0.0600 -21.1800 -0.0224 0.0666 1.5555 90.11047 1.5727242 1.5727 0.0046 0.0836 25.9634 1.1537 -0.4506 1.652893063840065E15
1 -0.0023 1.0000 0.0044 -0.9965 -0.0019 -0.0835 -0.0835 -0.0046 0.9965 -0.7853 -0.0431 9.3712 9.4041 -15.1200 9.0600 -21.6000 -0.0224 0.0666 1.5555 90.11047 1.5727242 1.5727 0.0046 0.0836 25.9634 1.1537 -0.4506 1.652893063840065E15
0 0.4790 0.8772 0.0327 -0.8769 0.4765 0.0629 0.0396 -0.0588 0.9975 0.3807 -0.5650 9.5891 9.6132 -15.1200 9.0600 -21.6000 -0.0761 0.1962 4.2054 61.4917 1.0732325 1.0732 0.0588 -0.0397 26.7203 1.1890 -0.4643 1.652893243840065E15
1 0.4790 0.8772 0.0327 -0.8769 0.4765 0.0629 0.0396 -0.0588 0.9975 0.3807 -0.5650 9.5891 9.6132 -9.1200 16.3200 -21.1200 -0.0761 0.1962 4.2054 61.4917 1.0732325 1.0732 0.0588 -0.0397 26.7203 1.1890 -0.4643 1.652893243840065E15
0 0.8971 0.4393 -0.0479 -0.4390 0.8983 0.0172 0.0506 0.0056 0.9987 0.4956 0.0551 9.7830 9.7957 -9.1200 16.3200 -21.1200 -0.0694 0.1974 4.2091 26.05899 0.45481518 0.4548 -0.0056 -0.0506 27.4780 1.2245 -0.4768 1.652893423840065E15
1 0.8971 0.4393 -0.0479 -0.4390 0.8983 0.0172 0.0506 0.0056 0.9987 0.4956 0.0551 9.7830 9.7957 -0.0600 17.5200 -20.2200 -0.0694 0.1974 4.2091 26.05899 0.45481518 0.4548 -0.0056 -0.0506 27.4780 1.2245 -0.4768 1.652893423840065E15
0 1.0000 0.0066 0.0027 -0.0064 0.9987 -0.0501 -0.0031 0.0501 0.9987 -0.0311 0.5076 10.1134 10.1262 -0.0600 17.5200 -20.2200 -0.0639 0.1705 3.5200 0.37832642 0.0066027963 0.0066 -0.0501 0.0031 28.1116 1.2552 -0.4883 1.652893603840065E15
1 1.0000 0.0066 0.0027 -0.0064 0.9987 -0.0501 -0.0031 0.0501 0.9987 -0.0311 0.5076 10.1134 10.1262 8.3400 12.5400 -19.1400 -0.0639 0.1705 3.5200 0.37832642 0.0066027963 0.0066 -0.0501 0.0031 28.1116 1.2552 -0.4883 1.652893603840065E15
0 0.8486 -0.5285 0.0235 0.5290 0.8476 -0.0426 0.0026 0.0486 0.9988 0.0239 0.4525 9.2946 9.3056 8.3400 12.5400 -19.1400 -0.0651 0.1662 3.4516 328.05594 -0.5575289 -0.5575 -0.0486 -0.0026 28.7329 1.2851 -0.5000 1.652893783840065E15
1 0.8486 -0.5285 0.0235 0.5290 0.8476 -0.0426 0.0026 0.0486 0.9988 0.0239 0.4525 9.2946 9.3056 13.0200 4.0800 -18.9600 -0.0651 0.1662 3.4516 328.05594 -0.5575289 -0.5575 -0.0486 -0.0026 28.7329 1.2851 -0.5000 1.652893783840065E15
0 0.2049 -0.9763 -0.0694 0.9779 0.2072 -0.0279 0.0416 -0.0621 0.9972 0.3639 -0.5435 8.7223 8.7468 13.0200 4.0800 -18.9600 -0.0602 0.1839 3.7753 281.9828 -1.3616573 -1.3617 0.0622 -0.0417 29.4124 1.3182 -0.5108 1.652893963840065E15
1 0.2535 -0.9667 -0.0340 0.9657 0.2549 -0.0494 0.0565 -0.0203 0.9982 0.5603 -0.2011 9.9051 9.9230 11.1000 -5.1000 -19.0800 -0.0602 0.1839 3.7753 284.7732 -1.3129555 -1.3130 0.0203 -0.0565 29.4124 1.3182 -0.5108 1.652893963840065E15
0 -0.4108 -0.9117 0.0047 0.9100 -0.4103 -0.0598 0.0565 -0.0203 0.9982 0.5603 -0.2011 9.9051 9.9230 11.1000 -5.1000 -19.0800 -0.0828 0.1992 4.0942 245.77052 -1.9936805 -1.9937 0.0203 -0.0565 30.1494 1.3541 -0.5257 1.652894143840065E15
0 -0.4046 -0.9144 0.0090 0.9136 -0.4046 -0.0392 0.0395 -0.0076 0.9992 0.3735 -0.0718 9.4574 9.4650 11.1000 -5.1000 -19.0800 -0.0865 0.1839 3.8395 246.13019 -1.9874032 -1.9874 0.0076 -0.0395 30.8405 1.3872 -0.5413 1.652894323840065E15
1 -0.4046 -0.9144 0.0090 0.9136 -0.4046 -0.0392 0.0395 -0.0076 0.9992 0.3735 -0.0718 9.4574 9.4650 3.0000 -9.7200 -20.0400 -0.0865 0.1839 3.8395 246.13019 -1.9874032 -1.9874 0.0076 -0.0395 30.8405 1.3872 -0.5413 1.652894323840065E15
0 -0.9503 -0.3113 0.0087 0.3114 -0.9499 0.0267 0.0000 0.0281 0.9996 0.0000 0.2682 9.5436 9.5473 3.0000 -9.7200 -20.0400 -0.0578 0.1729 3.4656 198.1466 -2.8248746 -2.8249 -0.0281 -0.0000 31.4643 1.4183 -0.5517 1.652894503840065E15
1 -0.9503 -0.3113 0.0087 0.3114 -0.9499 0.0267 0.0000 0.0281 0.9996 0.0000 0.2682 9.5436 9.5473 -6.7200 -7.6800 -20.8200 -0.0578 0.1729 3.4656 198.1466 -2.8248746 -2.8249 -0.0281 -0.0000 31.4643 1.4183 -0.5517 1.652894503840065E15
0 -0.7604 0.6494 0.0059 -0.6491 -0.7603 0.0260 0.0213 0.0159 0.9996 0.2083 0.1556 9.7615 9.7649 -6.7200 -7.6800 -20.8200 -0.0608 0.1516 3.3380 139.49518 2.4346502 2.4347 -0.0159 -0.0213 32.0651 1.4456 -0.5627 1.652894683840498E15
1 -0.7604 0.6494 0.0059 -0.6491 -0.7603 0.0260 0.0213 0.0159 0.9996 0.2083 0.1556 9.7615 9.7649 -13.1400 -0.4200 -21.0600 -0.0608 0.1516 3.3380 139.49518 2.4346502 2.4347 -0.0159 -0.0213 32.0651 1.4456 -0.5627 1.652894683840498E15
0 -0.0656 0.9976 0.0210 -0.9978 -0.0655 -0.0056 -0.0042 -0.0214 0.9998 -0.0431 -0.2203 10.3074 10.3098 -13.1400 -0.4200 -21.0600 -0.0688 0.1571 3.2243 93.75723 1.6363724 1.6364 0.0214 0.0042 32.6455 1.4739 -0.5750 1.652894863840498E15
1 -0.0656 0.9976 0.0210 -0.9978 -0.0655 -0.0056 -0.0042 -0.0214 0.9998 -0.0431 -0.2203 10.3074 10.3098 -13.3800 8.9400 -21.1200 -0.0688 0.1571 3.2243 93.75723 1.6363724 1.6364 0.0214 0.0042 32.6455 1.4739 -0.5750 1.652894863840498E15
0 0.5700 0.8215 -0.0134 -0.8216 0.5699 -0.0116 -0.0019 0.0176 0.9998 -0.0192 0.1772 10.0560 10.0575 -13.3800 8.9400 -21.1200 -0.0682 0.1735 3.5518 55.249146 0.9642797 0.9643 -0.0176 0.0019 33.2848 1.5051 -0.5873 1.652895043840498E15
1 0.5700 0.8215 -0.0134 -0.8216 0.5699 -0.0116 -0.0019 0.0176 0.9998 -0.0192 0.1772 10.0560 10.0575 -6.6000 16.0200 -20.6400 -0.0682 0.1735 3.5518 55.249146 0.9642797 0.9643 -0.0176 0.0019 33.2848 1.5051 -0.5873 1.652895043840498E15
0 0.9182 0.3960 0.0137 -0.3956 0.9181 -0.0250 -0.0225 0.0175 0.9996 -0.2275 0.1772 10.0967 10.1008 -6.6000 16.0200 -20.6400 -0.0590 0.1516 3.1431 23.330048 0.40718615 0.4072 -0.0175 0.0225 33.8506 1.5324 -0.5979 1.652895223840498E15
1 0.9182 0.3960 0.0137 -0.3956 0.9181 -0.0250 -0.0225 0.0175 0.9996 -0.2275 0.1772 10.0967 10.1008 2.4600 16.8600 -19.6200 -0.0590 0.1516 3.1431 23.330048 0.40718615 0.4072 -0.0175 0.0225 33.8506 1.5324 -0.5979 1.652895223840498E15
0 0.9804 -0.1924 -0.0424 0.1941 0.9801 0.0419 0.0335 -0.0493 0.9982 0.3137 -0.4621 9.3544 9.3711 2.4600 16.8600 -19.6200 -0.0523 0.1485 3.4003 348.89572 -0.19380614 -0.1938 0.0493 -0.0335 34.4626 1.5591 -0.6073 1.652895403840498E15
1 0.9804 -0.1924 -0.0424 0.1941 0.9801 0.0419 0.0335 -0.0493 0.9982 0.3137 -0.4621 9.3544 9.3711 10.5000 11.8800 -18.7800 -0.0523 0.1485 3.4003 348.89572 -0.19380614 -0.1938 0.0493 -0.0335 34.4626 1.5591 -0.6073 1.652895403840498E15
0 0.7099 -0.7027 -0.0476 0.7043 0.7091 0.0342 0.0097 -0.0578 0.9983 0.0958 -0.5698 9.8357 9.8526 10.5000 11.8800 -18.7800 -0.0706 0.1821 3.6556 315.26044 -0.78085244 -0.7809 0.0579 -0.0097 35.1206 1.5919 -0.6200 1.652895583840064E15
1 0.7099 -0.7027 -0.0476 0.7043 0.7091 0.0342 0.0097 -0.0578 0.9983 0.0958 -0.5698 9.8357 9.8526 13.8000 2.9400 -18.5400 -0.0706 0.1821 3.6556 315.26044 -0.78085244 -0.7809 0.0579 -0.0097 35.1206 1.5919 -0.6200 1.652895583840064E15
0 0.1965 -0.9805 -0.0093 0.9790 0.1967 -0.0535 0.0543 0.0015 0.9985 0.5339 0.0144 9.8141 9.8287 13.8000 2.9400 -18.5400 -0.0761 0.1919 3.8114 281.34198 -1.3728414 -1.3728 -0.0015 -0.0543 35.8067 1.6264 -0.6337 1.652895763840064E15
1 0.2036 -0.9790 -0.0037 0.9769 0.2034 -0.0656 0.0649 0.0097 0.9978 0.6393 0.0958 9.8237 9.8450 9.9000 -6.1200 -18.4800 -0.0761 0.1919 3.8114 281.73663 -1.3659534 -1.3660 -0.0097 -0.0650 35.8067 1.6264 -0.6337 1.652895763840064E15
0 -0.4714 -0.8811 0.0393 0.8795 -0.4729 -0.0526 0.0649 0.0097 0.9978 0.6393 0.0958 9.8237 9.8450 9.9000 -6.1200 -18.4800 -0.0731 0.1717 3.6923 241.77596 -2.0633988 -2.0634 -0.0097 -0.0650 36.4713 1.6573 -0.6469 1.652895943840064E15
0 -0.4601 -0.8866 0.0471 0.8860 -0.4619 -0.0408 0.0579 0.0230 0.9981 0.5842 0.2322 10.0679 10.0875 9.9000 -6.1200 -18.4800 -0.0798 0.1723 3.5823 242.4811 -2.051092 -2.0511 -0.0230 -0.0580 37.1161 1.6883 -0.6613 1.652896123840064E15
1 -0.4601 -0.8866 0.0471 0.8860 -0.4619 -0.0408 0.0579 0.0230 0.9981 0.5842 0.2322 10.0679 10.0875 1.8600 -10.3800 -19.1400 -0.0798 0.1723 3.5823 242.4811 -2.051092 -2.0511 -0.0230 -0.0580 37.1161 1.6883 -0.6613 1.652896123840064E15
0 -0.9812 -0.1929 0.0093 0.1930 -0.9811 0.0150 0.0062 0.0165 0.9998 0.0646 0.1724 10.4366 10.4383 1.8600 -10.3800 -19.1400 -0.0376 0.1198 2.5420 191.12357 -2.94745 -2.9474 -0.0165 -0.0062 37.5737 1.7099 -0.6680 1.652896303840064E15
1 -0.9812 -0.1929 0.0093 0.1930 -0.9811 0.0150 0.0062 0.0165 0.9998 0.0646 0.1724 10.4366 10.4383 -7.4400 -8.6400 -20.2200 -0.0376 0.1198 2.5420 191.12357 -2.94745 -2.9474 -0.0165 -0.0062 37.5737 1.7099 -0.6680 1.652896303840064E15
0 -0.7311 0.6819 -0.0223 -0.6821 -0.7313 0.0021 -0.0149 0.0168 0.9997 -0.1484 0.1676 9.9769 9.9795 -7.4400 -8.6400 -20.2200 -0.0352 0.1070 2.2176 137.00333 2.3911593 2.3912 -0.0168 0.0149 37.9729 1.7292 -0.6744 1.652896483840064E15
1 -0.7311 0.6819 -0.0223 -0.6821 -0.7313 0.0021 -0.0149 0.0168 0.9997 -0.1484 0.1676 9.9769 9.9795 -14.3400 -1.6200 -21.1800 -0.0352 0.1070 2.2176 137.00333 2.3911593 2.3912 -0.0168 0.0149 37.9729 1.7292 -0.6744 1.652896483840064E15
0 -0.0795 0.9966 -0.0224 -0.9967 -0.0798 -0.0135 -0.0152 0.0212 0.9997 -0.1508 0.2107 9.9171 9.9205 -14.3400 -1.6200 -21.1800 -0.0443 0.1241 2.6886 94.58032 1.6507381 1.6507 -0.0212 0.0152 38.4568 1.7515 -0.6823 1.652896663840064E15
1 -0.0795 0.9966 -0.0224 -0.9967 -0.0798 -0.0135 -0.0152 0.0212 0.9997 -0.1508 0.2107 9.9171 9.9205 -15.5400 7.8000 -21.8400 -0.0443 0.1241 2.6886 94.58032 1.6507381 1.6507 -0.0212 0.0152 38.4568 1.7515 -0.6823 1.652896663840064E15
0 0.4706 0.8821 -0.0198 -0.8822 0.4708 0.0066 0.0151 0.0144 0.9998 0.1413 0.1341 9.3257 9.3277 -15.5400 7.8000 -21.8400 -0.0596 0.1534 3.2940 61.91037 1.0805398 1.0805 -0.0144 -0.0151 39.0497 1.7791 -0.6931 1.652896843840064E15
1 0.4706 0.8821 -0.0198 -0.8822 0.4708 0.0066 0.0151 0.0144 0.9998 0.1413 0.1341 9.3257 9.3277 -10.8600 16.0200 -21.9000 -0.0596 0.1534 3.2940 61.91037 1.0805398 1.0805 -0.0144 -0.0151 39.0497 1.7791 -0.6931 1.652896843840064E15
0 0.8402 0.5419 -0.0203 -0.5422 0.8396 -0.0310 0.0002 0.0370 0.9993 0.0024 0.3783 10.2092 10.2162 -10.8600 16.0200 -21.9000 -0.0676 0.1626 3.4864 32.836304 0.5731014 0.5731 -0.0370 -0.0002 39.6773 1.8084 -0.7052 1.652897023840064E15
1 0.8402 0.5419 -0.0203 -0.5422 0.8396 -0.0310 0.0002 0.0370 0.9993 0.0024 0.3783 10.2092 10.2162 -2.2800 18.7800 -21.2400 -0.0676 0.1626 3.4864 32.836304 0.5731014 0.5731 -0.0370 -0.0002 39.6773 1.8084 -0.7052 1.652897023840064E15
0 0.9933 0.1152 -0.0048 -0.1153 0.9924 -0.0431 -0.0003 0.0434 0.9991 -0.0024 0.4142 9.5412 9.5502 -2.2800 18.7800 -21.2400 -0.0639 0.1558 3.2665 6.622589 0.1155862 0.1156 -0.0434 0.0003 40.2653 1.8364 -0.7167 1.652897203840064E15
1 0.9933 0.1152 -0.0048 -0.1153 0.9924 -0.0431 -0.0003 0.0434 0.9991 -0.0024 0.4142 9.5412 9.5502 6.5400 16.3200 -19.7400 -0.0639 0.1558 3.2665 6.622589 0.1155862 0.1156 -0.0434 0.0003 40.2653 1.8364 -0.7167 1.652897203840064E15
0 0.9257 -0.3782 -0.0060 0.3779 0.9255 -0.0246 0.0148 0.0205 0.9997 0.1556 0.2155 10.4845 10.4879 6.5400 16.3200 -19.7400 -0.0468 0.1271 2.6098 337.7738 -0.3879201 -0.3879 -0.0205 -0.0148 40.7350 1.8593 -0.7252 1.652897383840064E15
1 0.9257 -0.3782 -0.0060 0.3779 0.9255 -0.0246 0.0148 0.0205 0.9997 0.1556 0.2155 10.4845 10.4879 12.9600 9.3600 -18.8400 -0.0468 0.1271 2.6098 337.7738 -0.3879201 -0.3879 -0.0205 -0.0148 40.7350 1.8593 -0.7252 1.652897383840064E15
0 0.5995 -0.8003 0.0148 0.8002 0.5996 0.0136 -0.0198 0.0037 0.9998 -0.2059 0.0383 10.4223 10.4244 12.9600 9.3600 -18.8400 -0.0266 0.1204 2.4345 306.84396 -0.9277479 -0.9277 -0.0037 0.0198 41.1732 1.8810 -0.7299 1.652897563840064E15
1 0.5782 -0.8159 -0.0076 0.8159 0.5780 0.0145 -0.0074 -0.0146 0.9999 -0.0766 -0.1508 10.3481 10.3494 15.7800 0.2400 -18.6000 -0.0266 0.1204 2.4345 305.3174 -0.9543912 -0.9544 0.0146 0.0074 41.1732 1.8810 -0.7299 1.652897563840064E15
0 -0.0020 -0.9999 -0.0146 1.0000 -0.0021 0.0074 -0.0074 -0.0146 0.9999 -0.0766 -0.1508 10.3481 10.3494 15.7800 0.2400 -18.6000 -0.0266 0.1296 2.7772 269.87982 -1.5728939 -1.5729 0.0146 0.0074 41.6731 1.9043 -0.7347 1.652897743840064E15
0 0.0047 -0.9999 -0.0089 1.0000 0.0047 -0.0005 0.0005 -0.0089 1.0000 0.0048 -0.0862 9.6657 9.6661 15.7800 0.2400 -18.6000 -0.0749 0.1681 3.2054 270.26926 -1.5660969 -1.5661 0.0089 -0.0005 42.2501 1.9345 -0.7482 1.652897923840064E15
1 0.0047 -0.9999 -0.0089 1.0000 0.0047 -0.0005 0.0005 -0.0089 1.0000 0.0048 -0.0862 9.6657 9.6661 12.7200 -7.7400 -18.6000 -0.0749 0.1681 3.2054 270.26926 -1.5660969 -1.5661 0.0089 -0.0005 42.2501 1.9345 -0.7482 1.652897923840064E15
0 -0.4940 -0.8692 0.0239 0.8692 -0.4943 -0.0095 0.0201 0.0160 0.9997 0.2011 0.1604 10.0033 10.0066 12.7200 -7.7400 -18.6000 -0.0761 0.1742 3.5579 240.37325 -2.0878806 -2.0879 -0.0160 -0.0201 42.8905 1.9659 -0.7619 1.652898103840064E15
1 -0.4940 -0.8692 0.0239 0.8692 -0.4943 -0.0095 0.0201 0.0160 0.9997 0.2011 0.1604 10.0033 10.0066 5.7000 -12.1800 -19.3200 -0.0761 0.1742 3.5579 240.37325 -2.0878806 -2.0879 -0.0160 -0.0201 42.8905 1.9659 -0.7619 1.652898103840064E15
0 -0.9107 -0.4130 -0.0083 0.4131 -0.9105 -0.0184 0.0000 -0.0202 0.9998 0.0000 -0.2107 10.4534 10.4555 5.7000 -12.1800 -19.3200 -0.0737 0.1601 3.4296 204.39781 -2.7157705 -2.7158 0.0202 -0.0000 43.5078 1.9947 -0.7752 1.652898283840064E15
1 -0.9107 -0.4130 -0.0083 0.4131 -0.9105 -0.0184 0.0000 -0.0202 0.9998 0.0000 -0.2107 10.4534 10.4555 -3.5400 -11.4600 -19.8600 -0.0737 0.1601 3.4296 204.39781 -2.7157705 -2.7158 0.0202 -0.0000 43.5078 1.9947 -0.7752 1.652898283840064E15
0 -0.9487 0.3158 -0.0131 -0.3160 -0.9487 0.0128 -0.0084 0.0163 0.9998 -0.0838 0.1628 9.9602 9.9619 -3.5400 -11.4600 -19.8600 -0.0413 0.1552 3.3752 161.58594 2.8202062 2.8202 -0.0163 0.0084 44.1154 2.0227 -0.7826 1.652898463840064E15
1 -0.9487 0.3158 -0.0131 -0.3160 -0.9487 0.0128 -0.0084 0.0163 0.9998 -0.0838 0.1628 9.9602 9.9619 -11.7000 -5.6400 -20.2800 -0.0413 0.1552 3.3752 161.58594 2.8202062 2.8202 -0.0163 0.0084 44.1154 2.0227 -0.7826 1.652898463840064E15
0 -0.4226 0.9063 -0.0082 -0.9063 -0.4226 -0.0001 -0.0036 0.0074 1.0000 -0.0335 0.0694 9.3640 9.3643 -11.7000 -5.6400 -20.2800 -0.0492 0.1705 3.4369 115.00067 2.0071404 2.0071 -0.0074 0.0036 44.7340 2.0533 -0.7915 1.652898643840064E15
1 -0.4226 0.9063 -0.0082 -0.9063 -0.4226 -0.0001 -0.0036 0.0074 1.0000 -0.0335 0.0694 9.3640 9.3643 -14.8200 3.9600 -20.6400 -0.0492 0.1705 3.4369 115.00067 2.0071404 2.0071 -0.0074 0.0036 44.7340 2.0533 -0.7915 1.652898643840064E15
0 0.2347 0.9719 0.0179 -0.9719 0.2343 0.0244 0.0195 -0.0232 0.9995 0.1915 -0.2275 9.8189 9.8234 -14.8200 3.9600 -20.6400 -0.0938 0.2016 4.0857 76.44821 1.334273 1.3343 0.0232 -0.0195 45.4694 2.0896 -0.8084 1.652898823840064E15
1 0.2347 0.9719 0.0179 -0.9719 0.2343 0.0244 0.0195 -0.0232 0.9995 0.1915 -0.2275 9.8189 9.8234 -10.5000 12.7800 -20.7600 -0.0938 0.2016 4.0857 76.44821 1.334273 1.3343 0.0232 -0.0195 45.4694 2.0896 -0.8084 1.652898823840064E15
0 0.7742 0.6329 -0.0020 -0.6328 0.7742 0.0125 0.0094 -0.0084 0.9999 0.0910 -0.0814 9.6465 9.6473 -10.5000 12.7800 -20.7600 -0.0804 0.1858 3.9922 39.266937 0.6853374 0.6853 0.0084 -0.0094 46.1880 2.1231 -0.8228 1.652899003840064E15
1 0.7742 0.6329 -0.0020 -0.6328 0.7742 0.0125 0.0094 -0.0084 0.9999 0.0910 -0.0814 9.6465 9.6473 -1.2600 16.4400 -19.7400 -0.0804 0.1858 3.9922 39.266937 0.6853374 0.6853 0.0084 -0.0094 46.1880 2.1231 -0.8228 1.652899003840064E15
0 0.9987 0.0184 -0.0484 -0.0172 0.9995 0.0247 0.0489 -0.0239 0.9985 0.5243 -0.2562 10.7168 10.7327 -1.2600 16.4400 -19.7400 -0.0743 0.1925 4.1119 1.0544739 0.018403824 0.0184 0.0239 -0.0489 46.9282 2.1577 -0.8362 1.652899183840497E15
1 0.9987 0.0184 -0.0484 -0.0172 0.9995 0.0247 0.0489 -0.0239 0.9985 0.5243 -0.2562 10.7168 10.7327 7.9800 12.9000 -18.9600 -0.0743 0.1925 4.1119 1.0544739 0.018403824 0.0184 0.0239 -0.0489 46.9282 2.1577 -0.8362 1.652899183840497E15
0 0.8541 -0.5201 0.0056 0.5200 0.8536 -0.0307 0.0112 0.0291 0.9995 0.1101 0.2873 9.8692 9.8740 7.9800 12.9000 -18.9600 -0.0407 0.1962 3.8505 328.6464 -0.54722357 -0.5472 -0.0291 -0.0112 47.6213 2.1930 -0.8435 1.652899363840497E15
1 0.8193 -0.5716 -0.0441 0.5732 0.8185 0.0399 0.0132 -0.0580 0.9982 0.1317 -0.5770 9.9338 9.9515 13.4400 4.0200 -18.0600 -0.0407 0.1962 3.8505 325.07 -0.6096433 -0.6096 0.0580 -0.0133 47.6213 2.1930 -0.8435 1.652899363840497E15
0 0.2119 -0.9755 -0.0595 0.9772 0.2123 -0.0006 0.0132 -0.0580 0.9982 0.1317 -0.5770 9.9338 9.9515 13.4400 4.0200 -18.0600 -0.0633 0.1650 3.1327 282.27658 -1.3565295 -1.3565 0.0580 -0.0133 48.1852 2.2227 -0.8549 1.652899543840497E15
0 0.3061 -0.9519 0.0159 0.9518 0.3056 -0.0261 0.0200 0.0231 0.9995 0.1987 0.2299 9.9243 9.9289 13.4400 4.0200 -18.0600 -0.0804 0.1790 3.5689 287.80136 -1.2601042 -1.2601 -0.0232 -0.0200 48.8276 2.2550 -0.8694 1.652899723840497E15
1 0.3061 -0.9519 0.0159 0.9518 0.3056 -0.0261 0.0200 0.0231 0.9995 0.1987 0.2299 9.9243 9.9289 10.8600 -6.0000 -18.0000 -0.0804 0.1790 3.5689 287.80136 -1.2601042 -1.2601 -0.0232 -0.0200 48.8276 2.2550 -0.8694 1.652899723840497E15
0 -0.5775 -0.8127 -0.0776 0.8161 -0.5771 -0.0307 -0.0198 -0.0810 0.9965 -0.1891 -0.7734 9.5125 9.5457 10.8600 -6.0000 -18.0000 -0.0755 0.1790 3.7479 234.62251 -2.1882498 -2.1882 0.0811 0.0199 49.5022 2.2872 -0.8830 1.652899903840497E15
1 -0.5775 -0.8127 -0.0776 0.8161 -0.5771 -0.0307 -0.0198 -0.0810 0.9965 -0.1891 -0.7734 9.5125 9.5457 3.0600 -11.6400 -18.8400 -0.0755 0.1790 3.7479 234.62251 -2.1882498 -2.1882 0.0811 0.0199 49.5022 2.2872 -0.8830 1.652899903840497E15
0 -0.9579 -0.2863 0.0213 0.2863 -0.9581 -0.0043 0.0217 0.0020 0.9998 0.2059 0.0192 9.5029 9.5051 3.0600 -11.6400 -18.8400 -0.0492 0.1962 4.0728 196.63925 -2.851183 -2.8512 -0.0020 -0.0217 50.2353 2.3225 -0.8918 1.652900083840063E15
1 -0.9579 -0.2863 0.0213 0.2863 -0.9581 -0.0043 0.0217 0.0020 0.9998 0.2059 0.0192 9.5029 9.5051 -6.7200 -9.9000 -19.6200 -0.0492 0.1962 4.0728 196.63925 -2.851183 -2.8512 -0.0020 -0.0217 50.2353 2.3225 -0.8918 1.652900083840063E15
0 -0.7936 0.6075 -0.0347 -0.6081 -0.7898 0.0802 0.0213 0.0848 0.9962 0.2131 0.8476 9.9602 9.9985 -6.7200 -9.9000 -19.6200 -0.0535 0.1748 3.5102 142.43454 2.4859514 2.4860 -0.0849 -0.0214 50.8671 2.3540 -0.9015 1.652900263840063E15
1 -0.7936 0.6075 -0.0347 -0.6081 -0.7898 0.0802 0.0213 0.0848 0.9962 0.2131 0.8476 9.9602 9.9985 -13.0200 -1.9800 -20.8200 -0.0535 0.1748 3.5102 142.43454 2.4859514 2.4860 -0.0849 -0.0214 50.8671 2.3540 -0.9015 1.652900263840063E15
0 -0.1045 0.9941 -0.0292 -0.9943 -0.1050 -0.0176 -0.0205 0.0272 0.9994 -0.1987 0.2634 9.6705 9.6761 -13.0200 -1.9800 -20.8200 -0.0608 0.1308 2.7228 96.02887 1.6760198 1.6760 -0.0272 0.0205 51.3572 2.3775 -0.9124 1.652900443840063E15
1 -0.1045 0.9941 -0.0292 -0.9943 -0.1050 -0.0176 -0.0205 0.0272 0.9994 -0.1987 0.2634 9.6705 9.6761 -12.5400 8.5800 -21.4800 -0.0608 0.1308 2.7228 96.02887 1.6760198 1.6760 -0.0272 0.0205 51.3572 2.3775 -0.9124 1.652900443840063E15
0 0.6180 0.7847 -0.0473 -0.7849 0.6193 0.0188 0.0441 0.0255 0.9987 0.4214 0.2442 9.5508 9.5632 -12.5400 8.5800 -21.4800 -0.0657 0.1619 3.6513 51.720734 0.90269727 0.9027 -0.0255 -0.0441 52.0145 2.4066 -0.9242 1.652900623840063E15
1 0.6180 0.7847 -0.0473 -0.7849 0.6193 0.0188 0.0441 0.0255 0.9987 0.4214 0.2442 9.5508 9.5632 -6.0000 16.2600 -21.0000 -0.0657 0.1619 3.6513 51.720734 0.90269727 0.9027 -0.0255 -0.0441 52.0145 2.4066 -0.9242 1.652900623840063E15
0 0.9386 0.3449 -0.0011 -0.3448 0.9383 -0.0266 -0.0081 0.0253 0.9996 -0.0814 0.2538 10.0248 10.0284 -6.0000 16.2600 -21.0000 -0.0590 0.1589 3.1064 20.183899 0.35227552 0.3523 -0.0253 0.0081 52.5736 2.4352 -0.9349 1.652900803840063E15
1 0.9386 0.3449 -0.0011 -0.3448 0.9383 -0.0266 -0.0081 0.0253 0.9996 -0.0814 0.2538 10.0248 10.0284 3.1800 17.7000 -20.2200 -0.0590 0.1589 3.1064 20.183899 0.35227552 0.3523 -0.0253 0.0081 52.5736 2.4352 -0.9349 1.652900803840063E15
0 0.9884 -0.1497 0.0244 0.1502 0.9885 -0.0184 -0.0214 0.0218 0.9995 -0.2275 0.2322 10.6402 10.6451 3.1800 17.7000 -20.2200 -0.0547 0.1558 3.3520 351.38776 -0.15031205 -0.1503 -0.0218 0.0214 53.1770 2.4633 -0.9447 1.652900983840063E15
1 0.9884 -0.1497 0.0244 0.1502 0.9885 -0.0184 -0.0214 0.0218 0.9995 -0.2275 0.2322 10.6402 10.6451 11.3400 12.7800 -19.5000 -0.0547 0.1558 3.3520 351.38776 -0.15031205 -0.1503 -0.0218 0.0214 53.1770 2.4633 -0.9447 1.652900983840063E15
0 0.7536 -0.6573 0.0074 0.6567 0.7522 -0.0544 0.0302 0.0459 0.9985 0.2897 0.4405 9.5939 9.6083 11.3400 12.7800 -19.5000 -0.0608 0.1681 3.4339 318.8511 -0.7181835 -0.7182 -0.0459 -0.0302 53.7951 2.4935 -0.9557 1.652901163840063E15
1 0.7321 -0.6809 -0.0205 0.6810 0.7323 -0.0007 0.0154 -0.0134 0.9998 0.1484 -0.1293 9.6178 9.6198 14.2800 3.7800 -18.6000 -0.0608 0.1681 3.4339 317.08508 -0.74900657 -0.7490 0.0134 -0.0154 53.7951 2.4935 -0.9557 1.652901163840063E15
0 0.2355 -0.9717 -0.0167 0.9718 0.2357 -0.0118 0.0154 -0.0134 0.9998 0.1484 -0.1293 9.6178 9.6198 14.2800 3.7800 -18.6000 -0.0578 0.1693 3.3881 283.6332 -1.3328519 -1.3329 0.0134 -0.0154 54.4050 2.5240 -0.9661 1.652901343840063E15
0 0.1952 -0.9795 -0.0492 0.9807 0.1956 -0.0028 0.0123 -0.0477 0.9988 0.1221 -0.4717 9.8812 9.8932 14.2800 3.7800 -18.6000 -0.0804 0.1827 3.8566 281.29343 -1.373689 -1.3737 0.0477 -0.0124 55.0991 2.5569 -0.9805 1.652901523840063E15
1 0.1952 -0.9795 -0.0492 0.9807 0.1956 -0.0028 0.0123 -0.0477 0.9988 0.1221 -0.4717 9.8812 9.8932 11.5800 -5.4000 -18.9000 -0.0804 0.1827 3.8566 281.29343 -1.373689 -1.3737 0.0477 -0.0124 55.0991 2.5569 -0.9805 1.652901523840063E15
0 -0.4531 -0.8912 -0.0230 0.8913 -0.4524 -0.0292 0.0156 -0.0337 0.9993 0.1604 -0.3472 10.2882 10.2953 11.5800 -5.4000 -18.9000 -0.0706 0.1821 3.8529 243.08293 -2.040588 -2.0406 0.0337 -0.0156 55.7927 2.5897 -0.9932 1.652901703840063E15
1 -0.4531 -0.8912 -0.0230 0.8913 -0.4524 -0.0292 0.0156 -0.0337 0.9993 0.1604 -0.3472 10.2882 10.2953 4.2000 -10.6800 -19.3200 -0.0706 0.1821 3.8529 243.08293 -2.040588 -2.0406 0.0337 -0.0156 55.7927 2.5897 -0.9932 1.652901703840063E15
0 -0.8368 -0.5356 0.1141 0.5398 -0.8418 0.0078 0.0919 0.0681 0.9934 0.9146 0.6776 9.8836 9.9489 4.2000 -10.6800 -19.3200 -0.0669 0.1748 3.7796 212.46593 -2.5749555 -2.5750 -0.0682 -0.0923 56.4730 2.6211 -1.0053 1.652901883840063E15
1 -0.8368 -0.5356 0.1141 0.5398 -0.8418 0.0078 0.0919 0.0681 0.9934 0.9146 0.6776 9.8836 9.9489 -5.7000 -9.7200 -19.8000 -0.0669 0.1748 3.7796 212.46593 -2.5749555 -2.5750 -0.0682 -0.0923 56.4730 2.6211 -1.0053 1.652901883840063E15
0 -0.8285 0.5589 -0.0359 -0.5597 -0.8285 0.0192 -0.0190 0.0360 0.9992 -0.1796 0.3400 9.4454 9.4532 -5.7000 -9.7200 -19.8000 -0.0413 0.1198 2.2464 145.99582 2.5481079 2.5481 -0.0360 0.0190 56.8773 2.6427 -1.0127 1.652902063840063E15
1 -0.8285 0.5589 -0.0359 -0.5597 -0.8285 0.0192 -0.0190 0.0360 0.9992 -0.1796 0.3400 9.4454 9.4532 -12.6000 -3.0600 -20.7000 -0.0413 0.1198 2.2464 145.99582 2.5481079 2.5481 -0.0360 0.0190 56.8773 2.6427 -1.0127 1.652902063840063E15
0 -0.2195 0.9756 -0.0106 -0.9755 -0.2193 0.0161 0.0134 0.0139 0.9998 0.1269 0.1317 9.4933 9.4951 -12.6000 -3.0600 -20.7000 -0.0450 0.1283 2.6294 102.670715 1.7919421 1.7919 -0.0139 -0.0134 57.3506 2.6658 -1.0208 1.652902243840063E15
1 -0.2195 0.9756 -0.0106 -0.9755 -0.2193 0.0161 0.0134 0.0139 0.9998 0.1269 0.1317 9.4933 9.4951 -15.1200 6.5400 -21.3000 -0.0450 0.1283 2.6294 102.670715 1.7919421 1.7919 -0.0139 -0.0134 57.3506 2.6658 -1.0208 1.652902243840063E15
0 0.3984 0.9172 -0.0012 -0.9172 0.3984 0.0059 0.0059 -0.0012 1.0000 0.0575 -0.0120 9.8117 9.8119 -15.1200 6.5400 -21.3000 -0.0560 0.1338 2.8316 66.51965 1.1609868 1.1610 0.0012 -0.0059 57.8603 2.6899 -1.0309 1.652902423840063E15
1 0.3984 0.9172 -0.0012 -0.9172 0.3984 0.0059 0.0059 -0.0012 1.0000 0.0575 -0.0120 9.8117 9.8119 -10.9200 15.3000 -21.6600 -0.0560 0.1338 2.8316 66.51965 1.1609868 1.1610 0.0012 -0.0059 57.8603 2.6899 -1.0309 1.652902423840063E15
0 0.8241 0.5663 -0.0154 -0.5663 0.8242 0.0059 0.0161 0.0039 0.9999 0.1580 0.0383 9.8429 9.8442 -10.9200 15.3000 -21.6600 -0.0669 0.1522 3.0649 34.49289 0.6020144 0.6020 -0.0039 -0.0161 58.4120 2.7173 -1.0429 1.652902603840063E15
1 0.8241 0.5663 -0.0154 -0.5663 0.8242 0.0059 0.0161 0.0039 0.9999 0.1580 0.0383 9.8429 9.8442 -2.5200 18.7800 -20.8200 -0.0669 0.1522 3.0649 34.49289 0.6020144 0.6020 -0.0039 -0.0161 58.4120 2.7173 -1.0429 1.652902603840063E15
0 0.9917 0.1284 -0.0042 -0.1285 0.9916 -0.0170 0.0020 0.0174 0.9998 0.0192 0.1700 9.7878 9.7893 -2.5200 18.7800 -20.8200 -0.0547 0.1516 3.2482 7.3810425 0.12882324 0.1288 -0.0174 -0.0020 58.9967 2.7446 -1.0528 1.652902783840063E15
1 0.9917 0.1284 -0.0042 -0.1285 0.9916 -0.0170 0.0020 0.0174 0.9998 0.0192 0.1700 9.7878 9.7893 5.7600 16.5600 -19.8000 -0.0547 0.1516 3.2482 7.3810425 0.12882324 0.1288 -0.0174 -0.0020 58.9967 2.7446 -1.0528 1.652902783840063E15
0 0.9272 -0.3723 -0.0417 0.3703 0.9276 -0.0485 0.0567 0.0296 0.9980 0.5698 0.2969 10.0248 10.0454 5.7600 16.5600 -19.8000 -0.0602 0.1687 3.3728 338.131 -0.38168603 -0.3817 -0.0296 -0.0568 59.6038 2.7749 -1.0636 1.652902963840063E15
1 0.9513 -0.3077 0.0194 0.3075 0.9515 0.0113 -0.0219 -0.0048 0.9997 -0.1987 -0.0431 9.0599 9.0622 12.3000 10.0800 -19.0200 -0.0602 0.1687 3.3728 342.08002 -0.31276277 -0.3128 0.0048 0.0219 59.6038 2.7749 -1.0636 1.652902963840063E15
0 0.6435 -0.7654 0.0105 0.7652 0.6435 0.0198 -0.0219 -0.0048 0.9997 -0.1987 -0.0431 9.0599 9.0622 12.3000 10.0800 -19.0200 -0.0578 0.1601 3.0930 310.05576 -0.87169176 -0.8717 0.0048 0.0219 60.1605 2.8037 -1.0740 1.652903143840063E15
0 0.6412 -0.7673 0.0080 0.7670 0.6406 -0.0352 0.0219 0.0287 0.9993 0.2227 0.2921 10.1541 10.1608 12.3000 10.0800 -19.0200 -0.0602 0.1656 3.3319 309.85797 -0.8751437 -0.8751 -0.0288 -0.0219 60.7602 2.8336 -1.0849 1.652903323840063E15
1 0.6412 -0.7673 0.0080 0.7670 0.6406 -0.0352 0.0219 0.0287 0.9993 0.2227 0.2921 10.1541 10.1608 13.9200 0.7200 -17.8800 -0.0602 0.1656 3.3319 309.85797 -0.8751437 -0.8751 -0.0288 -0.0219 60.7602 2.8336 -1.0849 1.652903323840063E15
0 0.0995 -0.9943 0.0374 0.9944 0.0981 -0.0388 0.0349 0.0411 0.9985 0.3496 0.4118 10.0105 10.0250 13.9200 0.7200 -17.8800 -0.0669 0.1375 2.9531 275.63223 -1.4724952 -1.4725 -0.0411 -0.0349 61.2918 2.8583 -1.0969 1.652903503840063E15
1 0.0995 -0.9943 0.0374 0.9944 0.0981 -0.0388 0.0349 0.0411 0.9985 0.3496 0.4118 10.0105 10.0250 9.9000 -7.6800 -18.3000 -0.0669 0.1375 2.9531 275.63223 -1.4724952 -1.4725 -0.0411 -0.0349 61.2918 2.8583 -1.0969 1.652903503840063E15
0 -0.5813 -0.8133 0.0268 0.8135 -0.5815 -0.0025 0.0176 0.0204 0.9996 0.1676 0.1939 9.5077 9.5111 9.9000 -7.6800 -18.3000 -0.0596 0.1210 2.5713 234.43205 -2.191574 -2.1916 -0.0204 -0.0176 61.7546 2.8801 -1.1077 1.652903683840496E15
1 -0.5813 -0.8133 0.0268 0.8135 -0.5815 -0.0025 0.0176 0.0204 0.9996 0.1676 0.1939 9.5077 9.5111 2.5200 -12.1200 -18.6600 -0.0596 0.1210 2.5713 234.43205 -2.191574 -2.1916 -0.0204 -0.0176 61.7546 2.8801 -1.1077 1.652903683840496E15
0 -0.9731 -0.2296 0.0177 0.2301 -0.9722 0.0421 0.0075 0.0450 0.9990 0.0742 0.4429 9.8285 9.8388 2.5200 -12.1200 -18.6600 -0.0492 0.0947 2.1242 193.28592 -2.9097097 -2.9097 -0.0450 -0.0076 62.1370 2.8971 -1.1165 1.652903863840496E15
1 -0.9731 -0.2296 0.0177 0.2301 -0.9722 0.0421 0.0075 0.0450 0.9990 0.0742 0.4429 9.8285 9.8388 -6.5400 -12.3000 -19.3200 -0.0492 0.0947 2.1242 193.28592 -2.9097097 -2.9097 -0.0450 -0.0076 62.1370 2.8971 -1.1165 1.652903863840496E15
0 -0.8695 0.4936 -0.0199 -0.4940 -0.8686 0.0394 0.0022 0.0441 0.9990 0.0215 0.4382 9.9291 9.9387 -6.5400 -12.3000 -19.3200 -0.0211 0.0746 1.7277 150.39365 2.624864 2.6249 -0.0441 -0.0022 62.4480 2.9106 -1.1203 1.652904043840496E15
1 -0.8695 0.4936 -0.0199 -0.4940 -0.8686 0.0394 0.0022 0.0441 0.9990 0.0215 0.4382 9.9291 9.9387 -14.1600 -7.8600 -20.4600 -0.0211 0.0746 1.7277 150.39365 2.624864 2.6249 -0.0441 -0.0022 62.4480 2.9106 -1.1203 1.652904043840496E15
0 -0.4281 0.9023 -0.0503 -0.9037 -0.4275 0.0230 -0.0007 0.0553 0.9985 -0.0072 0.5363 9.6777 9.6925 -14.1600 -7.8600 -20.4600 -0.0175 0.0514 1.0625 115.352325 2.013278 2.0133 -0.0554 0.0007 62.6392 2.9198 -1.1235 1.652904223840496E15
1 -0.4281 0.9023 -0.0503 -0.9037 -0.4275 0.0230 -0.0007 0.0553 0.9985 -0.0072 0.5363 9.6777 9.6925 -18.1800 -1.6800 -21.1800 -0.0175 0.0514 1.0625 115.352325 2.013278 2.0133 -0.0554 0.0007 62.6392 2.9198 -1.1235 1.652904223840496E15
0 -0.0138 0.9976 -0.0673 -0.9998 -0.0126 0.0180 0.0171 0.0675 0.9976 0.1676 0.6608 9.7662 9.7900 -18.1800 -1.6800 -21.1800 -0.0132 0.0459 1.0601 90.72586 1.5834647 1.5835 -0.0676 -0.0172 62.8300 2.9281 -1.1258 1.652904403840496E15
1 -0.0138 0.9976 -0.0673 -0.9998 -0.0126 0.0180 0.0171 0.0675 0.9976 0.1676 0.6608 9.7662 9.7900 -19.2600 4.2600 -21.8400 -0.0132 0.0459 1.0601 90.72586 1.5834647 1.5835 -0.0676 -0.0172 62.8300 2.9281 -1.1258 1.652904403840496E15
0 0.2379 0.9711 -0.0204 -0.9709 0.2372 -0.0322 -0.0265 0.0275 0.9993 -0.2562 0.2658 9.6729 9.6799 -19.2600 4.2600 -21.8400 -0.1604 0.0324 0.7546 76.27432 1.3312383 1.3312 -0.0275 0.0265 62.9659 2.9339 -1.1547 1.652904583840062E15
1 0.2379 0.9711 -0.0204 -0.9709 0.2372 -0.0322 -0.0265 0.0275 0.9993 -0.2562 0.2658 9.6729 9.6799 -18.6000 9.8400 -22.0200 -0.1604 0.0324 0.7546 76.27432 1.3312383 1.3312 -0.0275 0.0265 62.9659 2.9339 -1.1547 1.652904583840062E15
0 0.4794 0.8775 -0.0128 -0.8774 0.4790 -0.0265 -0.0171 0.0240 0.9996 -0.1724 0.2418 10.0823 10.0867 -18.6000 9.8400 -22.0200 0.0094 0.0129 0.5579 61.370728 1.0711213 1.0711 -0.0240 0.0171 63.0663 2.9362 -1.1530 1.652904763840062E15
1 0.4653 0.8852 0.0026 -0.8849 0.4652 -0.0255 -0.0238 0.0096 0.9997 -0.2370 0.0958 9.9698 9.9730 -17.3400 13.2000 -22.2000 0.0094 0.0129 0.5579 62.2778 1.0869524 1.0870 -0.0096 0.0238 63.0663 2.9362 -1.1530 1.652904763840062E15
0 0.6003 0.7997 0.0066 -0.7994 0.6003 -0.0248 -0.0238 0.0096 0.9997 -0.2370 0.0958 9.9698 9.9730 -17.3400 13.2000 -22.2000 -0.0999 0.0184 -0.0945 53.106537 0.92688376 0.9269 -0.0096 0.0238 63.0493 2.9395 -1.1710 1.652904943840062E15
0 0.6067 0.7950 -0.0012 -0.7948 0.6065 -0.0229 -0.0175 0.0148 0.9997 -0.1724 0.1461 9.8620 9.8646 -17.3400 13.2000 -22.2000 -0.0059 0.0013 -0.0139 52.659943 0.91908914 0.9191 -0.0148 0.0175 63.0468 2.9398 -1.1721 1.652905123840062E15
1 0.6067 0.7950 -0.0012 -0.7948 0.6065 -0.0229 -0.0175 0.0148 0.9997 -0.1724 0.1461 9.8620 9.8646 -16.6200 15.4200 -22.0200 -0.0059 0.0013 -0.0139 52.659943 0.91908914 0.9191 -0.0148 0.0175 63.0468 2.9398 -1.1721 1.652905123840062E15
